L1	L2	L3	L4	R1	R2	R3	R4	
533	566	668	428	570	639	468	473	
486	481	668	569	663	521	610	423	
602	547	666	613	625	555	487	475	
530	411	591	659	450	621	508	570	
432	566	643	500	460	629	530	475	
555	656	420	503	565	506	447	669	
548	610	583	503	519	641	603	413	
507	438	428	609	640	425	563	475	
619	514	625	566	490	451	596	649	
445	613	556	659	529	469	409	414	
475	649	561	598	591	443	411	543	
547	484	433	615	425	495	604	636	
566	407	577	618	563	433	657	475	
439	481	574	584	497	623	574	663	
563	416	641	543	447	574	667	505	
526	620	488	423	509	425	549	635	
448	641	486	592	417	533	411	483	
480	611	665	409	532	605	464	657	
636	550	569	448	558	616	448	489	
506	435	609	541	560	426	609	531	
425	575	413	495	516	670	666	619	
589	430	508	666	614	623	560	428	
437	662	500	616	421	541	649	593	
418	485	600	651	499	669	414	595	
668	513	483	410	654	435	479	540	
511	469	612	640	632	482	446	568	
520	629	613	451	473	419	594	542	
637	478	666	426	484	463	408	542	
434	555	614	528	592	448	654	609	
422	553	670	612	633	466	603	407	
573	515	449	640	578	540	495	620	
627	575	522	436	448	553	600	660	
629	506	550	458	493	409	563	643	
669	524	413	556	432	623	490	525	
577	481	623	419	508	590	670	447	
580	496	440	635	656	485	557	434	
414	455	653	555	436	654	557	583	
469	583	467	672	472	663	519	587	
671	622	541	437	611	451	458	540	
646	451	474	548	595	665	503	562	
565	461	648	569	426	466	611	535	
596	427	481	668	431	540	626	521	
556	653	566	420	657	504	581	416	
589	480	543	641	556	457	495	418	
471	415	630	528	497	648	423	555	
541	459	601	671	432	539	656	416	
546	417	470	654	581	520	448	658	
563	624	478	440	646	625	453	503	
595	664	511	449	650	628	501	562	
443	632	560	619	613	412	464	660	
553	435	658	503	493	655	429	599	
612	496	621	411	484	620	428	549	
628	496	632	451	595	433	485	635	
529	665	649	424	529	666	468	630	
663	482	569	444	530	438	409	468	
591	424	670	500	482	609	544	412	
580	433	649	510	413	650	570	440	
624	490	422	543	542	539	429	610	
482	540	589	609	482	581	444	638	
494	539	660	425	591	427	461	641	
579	590	637	506	619	506	462	452	
644	516	425	632	448	519	662	486	
560	473	666	603	447	630	567	508	
564	463	520	658	557	653	442	605	
498	435	571	424	619	414	565	502	
451	582	504	646	465	583	426	671	
558	634	510	425	593	408	639	418	
534	669	590	424	565	419	626	520	
672	457	503	511	547	505	433	615	
409	666	479	559	518	610	415	512	
572	622	416	478	498	622	572	413	
540	631	448	663	611	578	491	416	
662	485	583	416	455	541	614	496	
480	621	513	533	648	502	431	565	
455	659	537	602	415	483	617	516	
447	490	579	670	452	546	509	643	
469	561	631	408	564	589	418	653	
511	614	639	671	565	493	640	472	
652	555	410	456	672	606	537	459	
544	640	616	414	601	421	513	453	
600	412	536	467	528	643	424	477	
455	532	650	572	444	596	500	666	
514	664	484	452	442	547	640	421	
503	633	585	558	541	657	433	609	
599	435	667	444	413	580	607	441	
556	650	504	445	595	459	653	554	
666	573	514	633	608	527	455	468	
492	502	423	596	536	479	653	532	
622	541	438	589	648	587	417	538	
526	443	607	670	433	512	632	560	
543	430	445	649	539	578	470	647	
500	474	536	630	587	666	524	432	
644	584	522	474	441	572	639	538	
412	584	626	505	426	504	431	575	
523	468	556	622	561	412	434	492	
441	554	596	499	532	592	459	648	
630	571	490	548	574	446	663	643	
431	565	638	539	656	565	490	436	
566	521	657	591	493	616	514	441	
535	421	456	631	467	414	652	525	
652	520	583	442	474	659	527	427	
564	627	482	457	497	663	443	629	
584	665	472	531	569	496	416	638	
442	653	561	507	543	444	579	639	
417	549	602	668	666	408	582	464	
481	647	414	419	417	490	489	590	
583	627	485	529	479	619	491	437	
510	441	601	642	629	454	513	571	
432	585	508	606	597	443	667	558	
410	599	502	638	597	651	562	459	
637	585	485	407	594	412	517	664	
648	437	436	567	659	528	431	597	
526	441	436	670	599	407	610	510	
448	542	666	614	436	666	600	513	
449	672	614	583	563	653	473	621	
554	653	488	422	523	660	475	425	
538	668	605	505	657	482	433	585	
495	661	616	553	413	547	485	448	
544	579	492	596	540	657	471	588	
448	556	617	408	551	640	427	473	
436	638	544	564	408	466	525	660	
418	580	627	488	452	489	610	523	
650	489	414	409	424	670	519	607	
512	451	418	535	484	579	672	622	
575	511	664	409	444	596	544	498	
487	640	429	519	661	557	660	415	
549	634	432	509	519	423	609	566	
552	444	603	641	608	425	561	481	
597	464	649	495	538	470	416	465	
588	469	416	648	507	454	638	544	
462	577	619	649	449	631	566	504	
543	427	656	501	499	468	619	419	
616	421	669	547	419	476	551	619	
616	669	519	602	665	560	460	443	
611	462	668	603	549	604	416	665	
416	451	567	631	450	523	608	512	
620	479	593	529	579	645	480	565	
598	648	449	527	418	509	614	671	
653	561	499	411	612	476	668	407	
630	426	498	629	453	608	605	661	
430	566	622	427	469	597	665	413	
590	422	516	650	569	638	510	491	
456	568	413	625	476	657	662	566	
590	503	430	512	493	436	555	664	
643	438	533	530	616	424	482	668	
623	641	530	458	481	578	508	407	
464	556	644	424	592	455	667	409	
535	441	500	580	521	439	652	446	
418	543	480	653	616	426	547	451	
607	496	436	559	496	672	408	604	
473	604	642	508	488	578	641	429	
439	514	664	601	413	542	493	621	
553	544	588	493	616	668	441	555	
444	469	629	571	612	572	456	537	
466	589	522	641	434	590	628	540	
667	552	610	407	559	460	424	653	
492	597	551	418	666	572	502	622	
548	626	407	460	472	633	580	630	
664	553	496	440	588	645	478	413	
568	500	446	666	526	495	661	413	
516	659	598	454	486	629	421	521	
652	575	442	510	543	500	448	610	
629	626	543	454	560	457	419	637	
627	474	595	542	431	552	470	511	
477	622	408	550	605	425	489	633	
547	495	421	609	461	589	463	512	
521	591	453	551	412	431	496	559	
426	504	649	615	498	445	590	666	
465	620	570	564	449	672	618	521	
417	568	493	645	644	499	407	586	
542	495	662	408	464	626	538	597	
516	610	556	451	497	429	534	632	
574	667	477	417	439	553	461	496	
444	499	611	563	567	480	462	671	
650	483	513	536	502	441	577	621	
588	437	670	492	643	570	504	432	
547	660	407	633	609	495	665	561	
610	650	506	452	540	463	622	410	
428	555	612	662	420	660	593	556	
474	631	530	447	579	499	652	436	
579	645	607	484	629	461	546	485	
609	416	485	575	426	467	612	651	
577	525	443	653	661	527	484	561	
512	657	558	454	563	513	478	665	
602	427	489	545	621	478	415	552	
601	517	434	607	476	583	608	529	
660	477	519	544	536	634	413	493	
600	410	564	425	627	534	424	468	
577	504	525	438	609	431	502	560	
505	565	597	664	602	539	476	640	
507	592	436	642	654	591	540	521	
617	414	501	668	545	640	645	483	
434	646	508	573	408	577	663	466	
639	433	534	588	569	660	451	599	
613	666	455	618	510	641	414	446	
437	593	654	541	541	635	469	579	
447	653	572	642	505	632	579	425	
652	560	502	654	602	544	437	523	
466	442	407	556	515	408	623	663	
664	508	660	415	554	661	576	444	
559	668	483	554	413	520	555	654	
609	426	551	664	482	658	527	603	
525	458	640	563	437	573	616	519	
606	546	480	449	514	443	410	586	
665	491	584	424	481	419	664	572	
594	669	523	454	566	634	513	449	
512	636	437	587	565	510	634	465	
664	545	433	480	486	598	630	424	
498	408	578	510	438	510	621	569	
525	615	411	576	510	648	534	607	
419	512	614	585	672	562	487	445	
526	461	669	469	421	541	664	482	
526	451	519	654	645	571	474	433	
416	628	461	545	667	435	554	489	
565	511	491	649	625	458	512	631	
450	462	566	516	515	619	420	475	
568	630	503	439	468	526	579	632	
667	536	455	534	469	655	593	537	
480	669	420	566	592	502	610	465	
442	571	565	628	605	486	412	651	
480	626	420	603	422	601	513	572	
596	415	528	569	637	438	512	615	
610	490	426	550	501	461	639	579	
493	450	613	566	423	668	614	520	
599	640	423	545	587	408	523	469	
439	651	596	491	564	440	632	464	
468	550	647	501	478	657	439	615	
409	518	456	598	413	574	671	479	
547	515	656	452	487	670	606	555	
559	444	638	473	595	662	474	444	
408	622	522	524	599	536	536	422	
636	525	603	411	596	412	544	476	
624	585	548	466	634	418	489	557	
425	574	623	482	521	494	609	670	
555	538	468	407	506	671	603	475	
563	481	416	635	454	565	666	593	
475	419	652	556	613	471	666	408	
604	499	657	581	415	595	460	520	
465	514	626	413	595	473	548	600	
555	462	627	513	568	440	656	621	
428	485	539	453	663	523	665	611	
590	513	483	420	595	518	653	478	
541	447	591	665	540	637	491	651	
449	634	471	520	449	634	522	558	
643	584	410	520	609	504	450	510	
611	531	669	520	482	601	557	415	
616	542	656	409	526	470	617	408	
665	606	498	428	560	477	668	510	
651	447	503	574	567	417	500	625	
622	477	536	579	458	593	472	661	
479	454	592	649	600	480	652	569	
588	622	531	408	454	614	656	553	
547	473	563	618	537	635	459	527	
587	497	410	662	413	545	648	465	
664	602	437	634	452	563	546	615	
498	441	631	552	470	413	609	668	
614	563	463	494	659	510	454	440	
545	631	455	484	564	520	620	410	
536	517	449	652	610	524	591	660	
605	522	420	517	462	606	629	524	
490	647	407	448	440	482	626	529	
659	447	410	562	415	648	575	518	
574	634	497	458	520	490	579	642	
656	555	429	627	523	575	438	624	
420	428	613	531	432	413	659	544	
443	546	593	641	554	468	623	417	
643	534	460	530	492	409	610	655	
439	490	544	605	434	610	572	506	
657	480	427	548	545	618	451	486	
667	416	596	564	423	525	583	656	
596	636	539	480	460	415	533	647	
501	548	436	408	438	532	605	664	
476	587	619	660	469	618	558	528	
491	599	563	629	626	426	523	419	
524	659	572	585	433	573	506	435	
455	667	541	529	465	614	409	512	
435	547	634	667	586	538	629	474	
628	443	657	598	427	518	589	636	
559	650	454	419	508	442	646	589	
470	412	466	658	580	522	449	637	
461	473	625	558	489	420	534	661	
450	539	612	667	528	563	582	661	
541	428	483	658	618	506	670	447	
583	485	652	446	529	443	613	410	
634	568	510	428	602	467	568	517	
530	637	608	413	446	408	553	634	
591	493	428	485	555	457	669	587	
633	496	444	535	640	567	496	437	
467	630	478	577	483	606	670	553	
421	576	484	625	455	583	509	523	
593	470	420	546	596	671	516	460	
450	555	418	500	626	473	560	657	
501	417	577	671	442	504	619	509	
660	582	634	526	562	456	665	614	
648	452	489	578	503	558	426	610	
609	430	668	571	493	617	551	449	
543	463	598	654	478	596	655	441	
452	548	653	576	523	601	415	657	
434	591	659	511	440	411	512	595	
530	418	603	473	503	648	576	423	
489	619	571	426	473	593	642	532	
436	501	520	580	417	574	512	455	
563	461	528	657	672	410	497	607	
448	615	488	568	474	566	664	485	
552	651	454	497	553	456	501	642	
476	621	539	420	421	528	463	558	
640	438	575	504	561	464	670	611	
521	597	468	630	600	605	437	493	
441	491	581	671	653	418	504	423	
636	481	575	500	412	544	617	431	
598	450	441	560	486	567	532	421	
523	613	483	424	558	662	606	461	
536	489	612	669	446	606	547	667	
661	553	473	504	513	422	575	609	
552	492	640	449	645	585	438	513	
535	669	481	581	508	420	637	589	
664	442	564	522	541	445	609	594	
427	473	633	574	541	637	472	570	
658	441	448	516	426	560	663	520	
446	524	641	554	580	647	451	524	
605	659	496	563	636	530	584	457	
469	629	579	555	659	428	570	532	
415	472	595	411	530	478	581	425	
484	453	600	422	519	459	477	617	
658	438	558	471	583	407	458	642	
662	409	500	640	463	634	541	418	
588	426	645	639	417	615	556	581	
646	546	449	522	451	626	547	571	
516	418	666	558	510	410	600	516	
476	638	559	553	568	621	533	436	
605	422	549	476	510	595	407	443	
670	505	483	625	598	656	543	489	
461	411	538	586	534	634	466	416	
460	610	622	528	645	482	553	423	
431	611	484	534	547	477	650	659	
635	478	537	421	625	526	417	572	
622	442	415	513	509	586	663	433	
440	575	667	503	422	530	669	671	
583	468	660	430	464	594	497	415	
525	667	469	615	436	601	487	536	
477	539	416	498	470	605	671	551	
594	549	433	672	496	642	578	412	
608	434	540	490	568	452	482	651	
409	530	458	562	448	659	504	505	
481	632	578	652	510	421	598	663	
431	530	611	525	443	467	618	660	
638	517	491	558	532	651	420	507	
628	594	440	516	606	448	515	475	
410	654	515	618	595	474	643	522	
460	603	508	670	591	504	424	421	
554	456	530	615	614	427	509	567	
573	488	644	640	539	451	626	585	
413	606	485	434	513	411	649	473	
657	601	553	545	484	578	439	608	
445	514	566	451	439	645	587	572	
499	555	451	641	644	461	409	546	
494	586	634	468	420	624	468	541	
496	649	469	550	670	484	628	423	
447	521	641	588	498	435	609	411	
427	424	474	615	657	594	476	658	
581	474	656	430	551	483	525	654	
597	517	458	648	479	535	656	409	
536	437	657	568	641	654	451	578	
578	419	640	513	537	593	431	467	
609	665	461	527	496	559	626	455	
463	656	660	584	450	591	462	556	
607	541	472	605	460	607	553	430	
469	616	410	654	476	644	584	519	
568	428	614	556	434	640	490	590	
429	559	506	424	533	579	666	428	
621	668	427	540	457	408	561	653	
623	408	496	561	577	643	435	521	
455	479	525	668	627	477	545	525	
553	565	631	502	494	420	672	594	
637	658	440	575	669	540	593	488	
538	471	600	419	432	572	633	514	
467	578	454	637	409	656	425	520	
599	609	420	467	474	593	545	537	
456	637	541	444	650	467	604	409	
635	515	426	592	640	514	615	431	
450	481	606	420	574	560	477	416	
476	581	522	417	592	493	538	661	
646	436	498	575	430	603	668	495	
623	414	535	485	487	588	636	433	
592	454	668	510	471	659	580	579	
525	465	600	436	625	458	544	460	
577	651	489	432	672	485	551	630	
480	561	420	501	635	501	581	419	
475	551	541	634	496	655	592	565	
626	497	527	552	602	509	637	480	
431	503	457	569	607	557	521	461	
476	598	539	413	485	584	656	561	
609	558	450	638	462	547	613	652	
420	616	557	503	574	647	420	480	
671	518	614	620	506	409	643	577	
448	555	635	502	494	638	430	659	
607	472	518	428	425	515	621	577	
670	532	410	564	593	539	435	498	
497	559	553	636	599	446	517	672	
483	549	667	416	518	485	421	644	
539	591	612	478	672	559	439	491	
597	415	483	520	455	633	596	672	
543	619	599	413	515	602	433	667	
458	644	554	509	478	545	645	438	
622	511	672	422	618	437	540	476	
556	491	434	636	508	585	467	637	
442	637	535	525	484	656	431	586	
489	573	626	430	442	618	508	671	
602	425	477	632	493	616	417	649	
522	425	598	669	554	609	524	626	
554	621	426	472	559	627	426	512	
437	518	642	563	437	572	655	559	
656	481	491	416	525	575	454	655	
663	469	551	601	444	594	574	665	
480	642	505	427	603	490	602	546	
564	671	452	630	586	456	526	507	
587	458	489	575	534	631	419	528	
622	485	646	588	662	461	516	602	
554	493	409	501	651	533	478	583	
672	439	505	526	477	658	551	465	
462	569	520	618	500	425	590	580	
638	465	524	581	488	623	560	670	
484	536	658	587	421	533	629	481	
490	441	592	666	571	523	661	457	
616	529	407	526	433	627	464	521	
511	643	437	560	549	666	590	451	
473	594	422	521	580	480	523	670	
544	664	444	557	477	660	551	421	
637	606	423	563	530	601	584	517	
642	512	555	411	508	436	608	555	
567	511	437	567	637	506	462	576	
657	533	418	483	643	585	557	425	
408	411	633	512	511	410	566	662	
592	495	432	501	564	428	663	508	
409	511	657	456	646	517	590	446	
613	526	657	479	644	525	418	649	
511	494	458	590	544	431	639	483	
496	551	589	428	595	485	613	432	
555	642	444	486	633	553	410	667	
628	481	537	591	506	630	451	658	
563	641	463	416	628	538	448	477	
638	592	533	451	611	541	424	559	
657	411	539	472	617	430	437	574	
607	424	546	498	570	422	462	628	
436	505	592	660	552	644	512	428	
594	595	499	669	453	667	526	614	
509	627	433	652	612	558	622	496	
646	538	452	552	452	552	604	501	
473	594	538	621	442	533	579	634	
532	632	477	414	464	499	576	601	
460	587	547	410	521	623	596	559	
501	424	643	583	669	466	563	490	
670	606	574	415	633	410	497	672	
499	475	664	584	481	616	459	525	
545	633	442	470	638	565	525	422	
476	429	526	622	410	583	506	558	
645	425	511	583	500	440	640	578	
416	512	665	559	648	551	570	413	
449	632	579	434	421	631	560	484	
436	507	578	523	586	419	503	665	
581	419	495	654	656	490	544	648	
414	503	489	564	424	571	639	469	
582	473	468	411	491	571	556	414	
489	602	482	543	431	504	585	552	
627	481	554	670	490	644	596	667	
649	505	542	463	510	480	428	638	
670	468	574	591	482	661	411	546	
579	652	516	413	588	446	577	409	
484	564	475	592	599	580	427	652	
593	426	634	520	594	523	457	662	
619	418	465	661	418	637	543	562	
544	419	491	479	613	527	657	588	
513	608	540	422	670	479	519	420	
600	655	562	470	517	417	641	470	
439	606	549	655	529	628	586	437	
566	658	499	490	488	491	550	609	
505	627	454	558	448	645	535	590	
648	482	591	581	464	540	601	424	
443	645	526	465	500	582	417	454	
517	441	592	586	410	478	668	428	
441	584	625	542	528	672	669	428	
494	667	606	625	514	459	619	581	
442	614	479	539	416	475	653	594	
535	567	621	464	662	441	608	497	
534	474	629	580	436	551	618	492	
479	507	657	550	432	617	661	561	
454	661	531	423	626	413	663	507	
638	488	518	625	633	494	433	579	
491	556	421	647	604	427	665	491	
658	409	522	593	512	607	448	626	
516	559	651	443	439	490	581	587	
407	590	474	587	668	513	602	441	
463	617	523	517	514	605	461	517	
539	659	595	564	425	580	519	538	
597	497	460	610	544	665	474	628	
601	488	433	551	477	408	605	662	
657	573	442	607	495	555	653	416	
530	474	643	651	437	530	637	614	
549	461	580	440	663	492	408	596	
598	654	647	418	666	503	417	552	
606	424	483	664	532	450	672	569	
672	421	489	468	496	564	635	431	
455	545	640	408	660	581	499	633	
588	582	485	423	661	489	411	573	
659	435	577	503	471	411	633	548	
466	623	547	413	440	569	629	514	
444	544	611	504	573	411	471	647	
449	606	449	525	482	629	435	649	
418	469	627	565	547	432	611	651	
533	426	641	407	543	636	471	419	
464	483	588	620	617	466	527	636	
540	586	650	537	498	643	409	568	
453	539	602	422	621	410	561	524	
519	639	418	447	593	480	661	527	
543	453	628	506	637	432	519	423	
459	610	572	483	640	443	611	553	
622	500	483	570	435	557	666	609	
661	488	579	435	595	495	539	418	
578	534	651	474	418	512	593	666	
475	509	635	557	661	566	437	631	
448	563	511	651	664	426	588	507	
422	655	568	496	637	651	510	463	
414	635	477	470	627	422	575	504	
513	599	436	450	613	547	452	550	
648	580	495	421	466	556	611	518	
431	631	541	443	576	501	656	430	
484	415	635	636	457	595	411	479	
495	606	432	658	515	636	448	578	
600	477	566	425	488	663	580	410	
537	463	623	463	628	494	413	572	
463	537	625	443	471	483	552	603	
596	432	532	653	501	412	557	658	
463	575	408	529	618	510	407	641	
534	483	535	636	643	436	557	487	
491	436	603	655	436	597	551	488	
470	645	548	649	469	638	579	427	
585	542	424	507	504	424	600	566	
598	423	536	493	436	545	609	469	
461	488	656	523	512	604	435	668	
579	628	510	439	588	633	525	638	
471	537	421	617	595	523	474	668	
593	461	491	656	410	587	470	626	
594	427	473	665	583	504	443	415	
550	617	441	502	620	631	470	559	
594	423	660	489	410	489	444	614	
515	452	602	660	501	668	431	603	
601	442	511	549	417	551	609	657	
415	577	514	646	477	416	609	547	
549	415	484	625	427	616	475	504	
629	518	449	411	420	607	540	507	
488	578	427	658	450	579	531	408	
606	656	467	546	649	423	496	577	
651	463	514	428	554	409	648	478	
559	453	640	654	490	456	428	603	
442	592	478	598	622	564	518	442	
615	561	619	460	485	668	419	607	
593	471	666	544	568	619	470	515	
665	670	545	492	445	590	642	484	
487	572	471	627	564	492	461	652	
546	626	490	661	487	547	442	642	
556	412	592	505	427	648	485	562	
450	573	651	493	420	629	550	534	
628	459	572	527	625	506	408	557	
595	469	521	665	521	423	579	483	
516	541	446	642	472	592	530	562	
668	556	505	452	538	647	407	567	
544	434	473	487	591	476	544	419	
631	541	525	460	655	432	555	602	
594	407	526	464	497	526	419	637	
485	562	451	407	615	488	575	415	
603	514	453	579	488	588	499	437	
628	413	493	513	415	480	539	649	
657	506	580	444	666	602	484	535	
664	443	598	510	409	603	657	600	
461	617	509	574	497	644	408	446	
452	505	656	569	630	575	667	494	
499	437	655	556	614	444	505	414	
552	660	462	424	499	661	414	652	
598	532	638	426	427	503	443	627	
456	656	559	517	423	648	517	578	
427	625	564	657	627	669	526	435	
531	544	626	477	544	629	419	602	
668	576	472	534	648	596	442	558	
529	671	566	584	474	553	609	667	
555	521	459	626	625	439	491	552	
458	652	498	613	589	588	525	446	
641	484	577	458	454	575	605	482	
433	424	648	587	472	625	566	519	
557	479	451	605	571	423	502	585	
666	484	560	671	508	649	575	576	
441	658	657	527	439	663	576	611	
479	662	564	601	595	631	430	534	
587	436	521	449	447	474	529	530	
440	529	649	475	560	527	434	652	
635	492	427	618	495	552	667	433	
595	650	586	436	460	524	598	671	
581	631	472	531	458	660	509	565	
461	651	464	411	639	440	617	549	
416	544	623	654	572	522	409	427	
542	423	594	478	436	535	641	464	
670	427	521	618	577	623	431	637	
412	547	409	586	652	458	605	543	
645	642	535	455	590	428	603	537	
438	526	666	609	444	488	658	600	
609	662	407	454	411	626	496	575	
548	647	457	420	650	435	565	511	
412	523	575	521	543	466	632	619	
443	526	477	660	420	642	582	506	
599	561	472	419	593	492	504	418	
490	426	636	577	431	585	657	515	
472	620	551	576	423	599	413	517	
574	633	425	532	659	570	602	647	
540	662	608	463	433	655	597	429	
445	488	562	653	457	619	509	569	
557	506	663	456	563	628	412	474	
629	593	510	426	669	638	519	593	
411	513	599	461	659	489	566	619	
667	504	624	557	500	616	434	580	
558	423	486	571	618	486	569	657	
575	632	450	627	559	434	566	649	
588	425	653	469	639	422	550	413	
590	500	411	643	461	533	455	618	
593	441	504	654	567	487	412	617	
439	662	564	561	575	435	487	649	
419	596	547	489	554	640	622	521	
476	438	650	569	505	646	565	504	
478	639	663	426	606	432	542	480	
624	587	528	419	634	475	571	662	
631	442	512	616	637	468	545	659	
608	438	535	611	564	453	659	444	
506	435	670	579	574	482	418	519	
489	483	570	408	541	410	642	547	
652	522	426	486	444	538	645	624	
474	584	671	476	542	433	597	487	
621	505	462	421	590	648	511	441	
624	573	469	409	529	656	444	592	
648	670	515	495	627	559	485	431	
470	418	535	588	430	568	601	505	
618	650	497	415	525	483	414	650	
536	435	606	479	574	407	537	654	
639	579	477	430	669	471	463	525	
524	577	643	428	638	525	645	411	
467	646	527	583	639	482	437	597	
408	510	457	613	547	425	431	610	
455	661	532	591	524	418	657	580	
410	479	546	661	641	442	408	585	
525	591	457	644	576	471	648	435	
534	445	628	445	438	588	669	548	
444	424	601	551	498	534	598	624	
542	481	427	664	576	410	461	608	
582	514	640	435	651	554	425	479	
570	453	465	540	625	486	634	416	
510	455	669	607	598	473	569	652	
442	539	583	478	639	434	475	599	
658	591	519	452	569	490	664	407	
668	551	495	610	567	522	433	648	
489	606	434	636	437	475	579	530	
445	558	499	599	410	588	543	621	
670	516	569	618	548	485	620	408	
621	504	424	548	648	516	586	468	
606	652	482	600	492	439	648	544	
662	559	607	498	519	443	625	662	
418	487	529	438	547	408	491	648	
485	660	550	410	645	496	435	565	
554	437	468	644	568	665	462	506	
666	501	555	437	659	547	452	615	
537	424	587	639	626	418	532	476	
619	532	461	503	453	558	624	525	
546	609	456	666	608	436	544	526	
541	407	600	644	412	641	527	572	
423	534	447	672	486	501	640	420	
506	636	621	571	621	658	492	555	
501	599	535	471	431	521	605	620	
599	457	655	445	620	420	477	483	
638	414	550	609	617	423	477	422	
407	463	581	648	619	440	508	612	
594	538	647	414	423	622	459	530	
672	418	537	471	574	525	427	527	
498	570	648	441	433	504	601	580	
582	663	413	517	467	607	550	499	
566	629	410	450	419	492	631	541	
499	648	461	410	563	489	613	407	
637	545	511	454	468	556	672	506	
444	507	662	598	496	412	548	599	
644	527	446	610	588	497	421	506	
413	578	518	664	569	667	440	429	
417	569	523	499	482	602	428	663	
435	612	488	470	514	422	482	657	
640	419	537	582	585	557	445	431	
534	510	672	444	516	492	575	439	
556	641	475	650	528	660	454	616	
477	535	616	426	593	472	415	495	
665	609	455	540	492	431	639	538	
503	602	460	408	486	585	431	624	
547	651	412	501	539	643	489	429	
434	491	612	547	540	456	507	606	
464	630	495	624	558	586	443	612	
461	442	571	666	459	527	651	599	
559	529	651	421	625	426	571	486	
489	426	641	566	542	447	624	490	
614	498	666	509	633	425	644	462	
425	625	510	671	441	520	592	601	
455	669	611	459	620	573	672	414	
519	427	649	470	439	537	584	637	
486	631	562	407	668	409	662	617	
526	644	412	582	544	473	653	410	
412	512	595	577	412	523	669	473	
475	643	536	625	629	579	481	438	
544	450	611	567	446	656	552	594	
471	638	577	523	458	659	588	536	
620	412	581	521	592	479	418	531	
450	511	658	410	483	557	636	421	
475	662	536	571	530	580	670	441	
639	551	503	644	664	414	503	596	
656	580	572	632	666	608	538	492	
615	570	479	455	461	594	494	529	
459	598	658	562	541	457	600	670	
412	582	672	533	442	655	530	578	
642	433	500	589	570	634	506	541	
655	546	413	606	465	576	426	611	
657	490	560	601	413	609	495	668	
496	664	452	585	413	543	610	465	
614	469	534	649	521	654	546	466	
627	564	413	494	594	554	485	412	
435	407	619	559	559	432	532	464	
533	595	415	605	610	592	459	411	
466	537	603	664	440	556	445	501	
550	430	668	586	425	522	600	557	
666	506	436	649	539	561	643	470	
484	430	602	561	497	598	616	421	
569	428	646	510	636	422	474	510	
574	615	494	535	531	428	489	641	
537	586	459	437	618	489	417	565	
407	581	669	520	497	439	659	610	
411	582	457	519	547	639	479	422	
410	562	633	499	543	426	479	476	
529	488	553	600	532	439	536	630	
625	534	481	427	671	600	548	462	
518	583	449	630	451	661	552	591	
479	607	555	601	487	525	424	606	
483	594	663	535	509	630	409	467	
451	651	491	526	636	539	459	602	
577	550	501	649	411	638	507	553	
624	436	525	524	653	467	578	432	
428	496	589	592	528	603	504	433	
519	518	631	608	583	450	535	524	
529	589	421	661	458	593	532	448	
490	555	417	407	476	583	638	491	
628	518	623	468	460	517	558	637	
610	631	540	479	653	555	468	408	
447	532	625	548	549	468	512	650	
526	588	411	532	587	672	420	409	
626	429	566	495	550	665	512	423	
465	412	592	562	448	669	551	601	
526	491	648	429	546	476	606	507	
472	413	592	538	660	510	447	562	
584	656	460	516	577	445	622	663	
414	510	522	605	626	556	470	514	
534	619	476	419	647	570	440	488	
468	514	617	568	516	567	429	629	
489	579	631	425	545	478	428	661	
451	509	642	649	604	667	512	427	
442	466	587	666	508	428	641	531	
658	550	419	408	636	501	411	518	
651	646	492	583	456	593	531	623	
661	432	493	514	422	543	522	446	
628	575	629	428	436	654	595	500	
482	522	669	553	653	610	666	505	
585	530	443	650	653	595	417	539	
572	618	490	448	589	534	647	445	
617	460	517	671	484	642	562	424	
601	456	531	657	516	584	441	655	
549	585	488	419	666	570	438	501	
546	447	640	528	660	420	512	568	
479	421	530	658	583	522	412	651	
593	551	645	492	480	627	416	662	
479	564	428	596	662	593	539	474	
442	524	599	490	510	649	518	461	
492	415	595	655	430	482	585	653	
480	532	564	464	579	417	462	669	
545	414	597	661	493	567	657	421	
546	658	485	604	469	627	532	579	
503	625	561	514	557	430	623	425	
577	467	413	667	442	622	567	496	
548	611	475	446	413	539	627	463	
419	575	499	656	480	427	665	533	
498	627	555	449	458	617	642	557	
608	466	644	547	670	421	524	480	
664	548	457	614	484	553	436	478	
540	614	654	450	591	537	663	471	
551	621	477	430	472	672	598	527	
604	413	517	667	561	493	509	656	
499	440	531	615	545	433	530	595	
465	540	615	574	493	570	600	409	
656	524	592	665	622	507	429	443	
428	448	512	663	518	478	667	570	
436	586	665	506	652	471	594	412	
473	672	622	445	472	613	570	425	
630	444	579	554	460	608	520	510	
464	662	559	610	456	499	409	555	
486	409	589	646	547	414	497	625	
473	417	670	541	427	468	565	621	
447	611	479	544	488	548	417	581	
672	541	600	607	520	638	570	414	
439	627	517	461	526	443	411	614	
604	480	446	519	453	577	497	671	
651	581	487	473	639	448	546	591	
521	453	648	506	510	444	645	606	
549	603	499	663	583	452	528	603	
630	448	573	646	643	437	562	503	
561	645	530	460	646	571	629	510	
503	580	633	413	577	524	632	490	
441	548	630	415	471	533	576	662	
490	417	583	451	606	502	661	508	
503	608	426	639	537	592	496	661	
584	465	472	536	603	515	407	612	
513	601	453	663	478	428	623	592	
496	630	417	571	540	615	472	638	
621	487	547	417	412	551	469	549	
524	416	635	455	551	420	658	497	
511	607	653	437	635	447	518	569	
482	411	528	630	511	456	542	670	
526	594	451	643	570	407	580	520	
644	450	532	650	529	588	431	481	
523	410	607	652	446	666	574	504	
571	664	448	504	664	632	419	485	
552	631	444	409	463	551	460	634	
446	654	537	591	460	516	569	629	
410	650	465	529	522	450	655	419	
619	598	411	471	507	506	568	438	
539	456	628	565	552	670	613	417	
639	565	416	581	438	660	504	605	
646	584	520	469	581	504	508	425	
427	647	577	489	630	407	515	581	
453	598	669	510	504	554	438	601	
600	450	568	498	509	612	455	411	
427	607	508	557	672	495	545	407	
534	631	481	628	415	506	556	616	
575	430	480	654	585	560	656	422	
491	438	477	672	633	536	409	588	
511	626	667	521	661	520	550	444	
532	450	642	594	510	435	637	563	
648	501	407	594	443	512	601	655	
576	449	660	431	488	519	440	672	
411	663	622	489	469	641	560	669	
563	520	653	593	585	553	489	423	
636	434	628	548	454	525	461	633	
571	438	569	634	534	576	423	663	
544	617	479	565	586	462	532	643	
540	662	414	585	647	532	658	451	
497	667	549	421	546	650	434	537	
625	419	550	664	435	560	616	585	
565	627	462	417	514	559	613	653	
574	627	419	671	650	593	431	512	
550	623	568	465	518	591	662	569	
446	607	668	445	451	536	579	664	
450	603	514	670	559	510	459	636	
472	543	616	414	471	635	616	565	
562	417	655	488	543	466	599	448	
460	617	656	579	475	410	544	629	
601	525	657	589	412	607	460	537	
502	670	576	621	649	414	466	560	
548	465	643	535	659	418	507	464	
433	665	520	608	551	423	638	599	
656	482	597	423	449	590	547	664	
423	497	580	469	649	575	440	496	
530	641	469	584	472	658	584	444	
500	647	579	412	549	435	505	610	
413	474	572	631	668	486	635	407	
582	409	525	476	450	630	524	509	
551	434	524	620	635	528	442	663	
611	507	575	666	456	655	555	602	
493	649	586	627	476	656	612	409	
667	512	561	451	589	660	530	476	
622	532	470	453	432	582	509	557	
418	566	638	495	570	651	459	418	
530	468	418	640	472	640	566	669	
552	464	605	658	579	536	650	449	
598	460	566	514	495	463	422	648	
637	515	419	620	634	412	614	519	
499	412	608	452	613	438	416	642	
413	489	648	518	560	487	606	667	
654	451	505	568	453	649	518	427	
427	524	576	576	550	587	645	470	
574	666	580	484	663	504	527	432	
670	453	663	563	490	660	650	556	
493	555	588	438	666	425	504	580	
601	549	504	424	557	672	439	503	
489	628	439	558	593	474	420	466	
582	648	439	633	410	595	569	489	
437	574	626	526	525	424	591	490	
606	479	440	550	567	506	418	641	
421	578	483	433	612	667	460	554	
584	446	598	489	519	562	483	634	
478	527	448	648	421	578	574	410	
670	540	566	455	507	418	619	577	
445	651	503	482	603	416	454	518	
540	604	415	654	431	496	630	559	
454	611	547	481	607	564	428	662	
550	519	439	604	601	448	629	527	
528	603	426	671	575	443	663	495	
442	531	613	665	419	533	600	661	
428	614	564	484	563	422	620	493	
562	413	613	615	628	484	594	412	
621	443	572	671	598	465	545	407	
508	543	457	607	460	633	566	513	
445	550	669	648	474	527	442	648	
512	639	569	452	636	544	478	599	
580	635	427	520	513	464	617	443	
624	563	508	448	613	584	669	468	
666	489	456	523	469	609	664	535	
515	583	672	424	651	579	530	459	
545	665	596	603	471	574	630	492	
570	462	639	525	432	617	546	556	
531	414	591	638	472	529	607	412	
553	595	415	471	467	572	442	607	
642	566	658	601	641	601	484	503	
629	495	487	441	450	493	599	617	
530	583	485	661	504	591	650	423	
594	492	658	513	434	601	514	507	
571	420	486	631	572	618	461	524	
632	521	450	580	476	663	623	566	
417	529	628	611	641	557	492	445	
595	661	458	448	643	550	454	412	
648	591	518	450	500	576	626	413	
415	616	671	542	513	536	455	638	
528	415	475	630	580	468	623	468	
502	428	566	503	652	440	594	521	
585	429	514	588	643	520	421	580	
484	646	549	564	504	661	566	463	
586	440	642	558	555	437	635	502	
521	410	630	595	544	464	595	654	
465	631	608	528	511	600	433	592	
576	461	619	508	429	565	654	516	
452	619	542	427	432	638	511	573	
623	509	416	586	440	534	563	663	
470	625	539	671	566	466	655	449	
559	651	434	623	672	422	493	588	
424	600	473	561	645	449	548	496	
634	438	551	499	408	628	556	477	
500	545	443	618	456	510	596	564	
653	571	652	412	440	668	505	500	
502	582	503	430	452	552	613	422	
444	595	600	552	413	479	602	551	
504	577	421	519	484	658	571	455	
588	668	571	491	568	508	654	427	
527	616	426	484	613	435	418	519	
508	452	633	561	492	635	457	422	
654	521	586	460	588	663	540	449	
595	503	646	450	486	591	663	435	
629	432	482	556	453	611	544	671	
567	459	511	620	612	460	484	663	
658	505	540	469	462	408	566	637	
484	640	491	432	648	591	504	450	
429	670	639	543	450	513	607	655	
651	502	545	431	577	665	426	495	
457	524	454	631	570	479	627	602	
507	438	600	595	465	632	595	411	
636	441	585	520	507	601	652	479	
455	628	619	539	641	570	470	407	
