L1	L2	L3	L4	R1	R2	R3	R4	
690	707	669	643	1019	1011	1018	1040	
653	678	663	716	1001	1027	995	1026	
661	636	638	712	997	1036	975	1028	
642	702	711	640	1000	1030	996	966	
672	652	673	714	998	1024	1002	980	
668	682	700	713	1018	1043	968	1033	
694	637	694	669	1003	1018	1020	992	
658	664	710	691	985	1037	1004	1004	
669	715	655	684	1001	966	1018	1039	
686	648	696	666	965	1027	976	1000	
694	669	660	658	1015	991	993	1028	
711	678	664	657	992	972	973	1031	
678	653	667	716	1025	1008	1021	973	
677	688	644	636	987	1016	990	1026	
645	675	641	692	1001	990	970	1039	
679	698	641	687	975	998	1028	1030	
660	637	716	659	982	1021	973	1027	
710	703	640	698	1033	980	965	1030	
689	692	675	716	976	1011	1043	1026	
657	669	702	709	997	1003	969	1030	
664	668	692	639	994	990	1040	978	
639	648	701	640	972	1039	968	1028	
697	644	648	712	995	1023	1039	1000	
691	653	696	653	995	998	1026	1041	
675	682	695	688	1032	1028	1016	988	
695	645	664	657	1006	978	1016	1019	
691	681	663	690	1000	991	978	966	
664	642	641	704	980	1023	974	1019	
639	676	679	684	1008	1040	976	1032	
695	693	705	639	964	1043	1005	1017	
663	691	713	644	1022	987	1001	989	
645	677	657	716	986	1016	988	1038	
661	672	678	714	997	987	1022	985	
636	688	699	714	1026	985	984	994	
714	640	652	690	1006	1007	977	1031	
686	637	695	681	1013	964	1010	966	
710	666	669	651	985	1039	1027	1041	
711	684	640	689	1020	970	1037	1003	
704	642	665	675	965	1037	999	1023	
685	640	669	685	995	988	1043	987	
706	655	638	643	991	994	1017	968	
704	648	671	705	1014	1006	981	1000	
712	698	667	636	973	972	1023	1025	
654	711	716	671	986	1037	1028	1019	
670	640	695	672	1037	983	1006	1028	
642	643	699	696	1043	1013	984	971	
689	694	648	714	967	1027	1030	974	
653	672	690	651	1015	1017	988	968	
716	682	676	690	1017	1032	1017	1002	
679	647	687	692	1034	1007	974	1014	
669	709	657	707	1024	1042	999	966	
686	676	709	663	985	1000	991	1031	
664	703	644	652	1042	1000	1004	999	
643	691	699	673	978	1019	1018	993	
659	639	689	701	1043	988	1005	997	
656	677	691	694	1004	1030	1034	1001	
660	700	669	689	995	1042	987	1026	
692	659	705	672	1002	971	1009	969	
662	640	692	640	975	1029	1032	983	
647	653	695	713	972	1032	1034	1026	
660	700	683	708	989	1013	1015	987	
694	685	647	640	978	978	1012	1040	
701	652	691	636	1018	1007	981	1043	
666	673	715	636	994	993	999	1039	
675	688	650	716	998	980	1029	1004	
700	701	696	638	1032	994	1011	985	
695	678	664	677	1001	983	1028	964	
689	676	654	710	1029	1027	975	1025	
714	639	702	666	984	998	1020	1033	
715	664	671	698	1037	966	1021	981	
636	716	710	639	1020	967	1026	998	
649	661	679	640	1026	982	1040	974	
683	639	706	682	1004	1018	1020	1042	
659	639	637	705	1004	1041	1023	1032	
675	716	673	649	980	1039	1041	994	
666	666	638	697	971	1001	966	1031	
656	716	676	698	986	1029	1025	972	
703	644	676	674	996	967	1028	1024	
674	701	692	656	997	1025	991	964	
674	688	667	683	979	979	992	1041	
663	680	645	688	1040	991	1017	982	
698	644	707	701	1002	1039	972	992	
660	685	641	644	966	1000	1033	971	
697	683	663	638	971	971	1014	1036	
694	709	638	639	1021	987	967	969	
680	662	708	665	1042	1035	1003	989	
686	650	705	671	1022	1033	968	995	
636	705	714	714	987	1028	1001	1042	
684	647	662	711	1041	969	1042	1033	
658	673	690	673	1024	993	1030	1003	
696	683	704	648	966	988	988	1042	
671	692	673	699	999	990	988	1040	
712	683	658	710	1027	965	1003	1019	
712	695	638	646	967	1007	1003	1021	
660	688	687	701	1003	995	966	1027	
712	716	636	700	995	1021	988	972	
714	701	666	665	1024	1012	1038	1017	
683	653	649	708	1006	998	1003	1041	
710	695	638	692	970	984	1030	1001	
666	675	659	682	984	1007	1020	1043	
706	661	659	678	966	1023	980	1024	
676	715	672	659	985	1035	999	1036	
683	702	645	693	979	992	1023	969	
709	702	655	643	988	1011	1042	1038	
707	702	699	644	1038	1002	972	1000	
715	714	651	671	1030	1013	979	999	
685	682	676	640	1032	983	1008	964	
676	716	708	652	993	987	1005	1042	
681	648	650	713	1031	1010	986	976	
656	685	697	656	1027	1024	1032	992	
645	690	697	716	971	1007	1009	1023	
710	703	653	654	998	965	993	1030	
661	684	657	714	994	1031	965	976	
661	678	636	706	1031	984	1041	978	
637	683	654	696	1021	981	1007	976	
670	715	657	686	1003	1043	1013	968	
642	677	679	656	1003	994	1028	1002	
686	649	684	683	991	1039	1028	975	
685	710	652	682	973	986	981	1016	
670	649	637	714	992	995	967	980	
703	680	686	637	1034	990	989	1034	
693	688	712	667	976	993	980	989	
709	703	696	641	996	1001	1036	971	
686	700	715	640	1003	1029	992	976	
709	661	695	704	967	965	1003	974	
644	704	699	690	971	1020	1002	1004	
709	642	677	636	1040	1012	1018	1036	
667	707	699	681	996	1038	1026	1026	
693	705	650	708	966	1021	1043	972	
711	677	652	657	991	966	1024	1036	
690	636	662	643	978	1038	976	994	
654	686	665	698	1021	986	1043	1025	
695	638	706	702	970	1027	1017	967	
661	665	714	684	1013	1017	1009	987	
666	643	704	707	1022	1038	1000	1029	
705	673	693	667	982	1000	1009	975	
642	650	638	708	1019	983	977	967	
664	706	636	702	989	984	985	1040	
655	678	677	714	1022	971	1037	1019	
646	641	693	708	1002	975	1014	972	
661	697	714	645	1029	979	1001	1018	
686	639	714	707	1019	986	967	972	
686	638	648	671	1019	991	991	972	
707	696	641	716	1031	987	1004	967	
649	702	713	697	1024	964	1010	1010	
643	703	701	699	990	1022	968	1021	
692	646	687	644	995	1018	1041	970	
660	644	700	684	1019	996	991	972	
683	642	685	704	1010	1027	982	969	
654	687	684	686	1034	1016	980	975	
708	681	647	649	984	1030	1035	977	
639	702	703	642	1036	992	989	975	
678	664	638	687	1008	969	989	972	
673	654	636	702	1035	968	1035	990	
693	654	645	696	1011	986	1032	966	
702	652	680	680	1007	1032	984	979	
657	685	683	705	994	1024	1034	1033	
704	709	643	693	1008	1043	1006	978	
715	652	696	686	1010	985	1032	984	
687	664	707	669	1030	1015	996	978	
715	645	700	646	1002	991	1032	990	
671	672	709	639	1013	1009	1031	998	
636	703	703	641	1042	1037	1028	1026	
710	655	678	667	969	1030	1035	976	
637	647	688	690	973	1026	983	1021	
637	637	650	704	986	965	1038	1011	
659	641	689	695	1018	969	996	1035	
677	638	711	650	999	979	982	1031	
668	679	679	650	971	1025	1003	983	
675	689	688	639	997	1040	1037	996	
682	692	669	658	1016	970	1013	972	
639	682	697	697	1010	1034	966	1040	
656	695	701	695	982	1003	1029	1033	
650	693	692	638	1007	1003	1042	982	
670	673	677	644	1017	992	1029	999	
683	669	648	710	978	992	1036	1004	
676	710	657	683	1032	1013	1005	1030	
704	649	688	676	1008	1039	1007	1040	
712	650	638	636	1006	1034	966	985	
710	675	708	642	981	1013	1036	964	
666	686	636	708	1030	1010	1033	976	
698	636	658	712	981	1037	971	981	
672	672	649	663	975	964	1016	1007	
670	716	651	662	998	976	1027	1027	
678	668	685	716	985	967	1026	979	
658	657	705	714	970	1028	966	1014	
659	705	649	675	1032	1020	993	965	
640	710	658	680	1018	977	1013	981	
666	654	655	715	1028	975	1018	964	
715	682	682	654	1015	989	1037	966	
696	646	658	650	1002	986	993	1012	
642	637	664	700	964	1011	1040	1028	
650	689	646	687	1015	991	1040	1002	
655	683	660	680	979	1026	1020	995	
670	676	636	714	981	1010	1007	1022	
705	696	641	657	1035	997	1039	969	
664	643	652	666	978	1018	979	996	
689	690	665	684	1025	992	981	969	
672	692	685	640	1011	973	1006	1042	
685	663	695	638	1007	996	1002	1041	
670	679	658	707	1030	967	985	1034	
707	666	715	716	1007	992	985	976	
690	639	692	683	1018	1043	1015	1022	
711	638	636	666	1038	973	1014	988	
703	657	639	675	1025	1012	1028	971	
645	687	689	648	1038	982	997	987	
679	655	697	663	1024	975	1028	974	
691	641	674	669	1002	987	964	1038	
664	644	660	659	970	976	1024	998	
656	714	646	665	1000	982	987	984	
686	642	716	697	1031	990	964	1042	
647	643	638	679	996	1018	964	1004	
664	694	649	701	1011	1017	1033	1027	
668	674	644	697	1030	1001	1022	968	
709	668	678	670	977	1027	1042	967	
665	700	668	686	1016	1008	983	1040	
656	639	658	712	998	1039	1032	1006	
681	640	680	702	992	997	977	1005	
661	678	672	676	981	1015	984	1018	
654	693	646	662	1005	1011	986	969	
660	672	699	696	973	1022	972	1006	
655	689	664	684	1005	1042	982	985	
713	636	641	701	1040	965	981	1017	
698	715	645	644	968	1005	964	1031	
710	699	653	715	983	1012	1018	968	
666	705	638	716	1011	998	973	1021	
713	646	671	716	1038	1034	1027	1035	
645	694	650	686	966	994	1023	970	
675	697	669	675	1007	1010	1006	1022	
648	693	710	705	1021	993	1034	987	
681	707	656	715	981	1010	1035	1003	
641	652	639	705	1024	984	970	964	
639	715	664	658	981	992	1043	1009	
644	644	658	682	964	979	1000	1024	
695	692	641	655	969	986	964	1039	
664	663	670	639	994	1007	1013	988	
665	644	650	706	992	1033	968	1025	
712	713	652	650	1011	977	1033	1024	
655	702	702	693	981	1012	1032	1014	
669	675	663	712	1031	975	982	1012	
639	712	686	697	1034	1007	1033	969	
708	638	672	688	972	979	973	1030	
643	665	669	706	1015	1014	965	972	
688	704	663	660	967	1042	992	1038	
644	669	699	712	1009	965	1033	1038	
694	640	664	714	1011	1043	995	1019	
691	715	710	684	1004	988	1038	978	
691	708	668	636	964	984	965	1013	
639	663	707	684	1010	985	1010	976	
659	710	657	708	1002	1000	984	1010	
637	695	647	638	1005	1024	980	970	
702	639	679	690	1037	972	1014	1020	
642	677	716	655	1030	996	1019	1025	
654	659	683	638	975	984	1029	1025	
677	652	637	708	1028	987	1036	989	
648	681	711	678	995	972	1003	1031	
688	682	704	638	1001	972	1012	964	
661	701	698	646	1007	991	974	1035	
670	698	656	636	1043	1011	979	978	
648	669	647	686	1010	1022	1028	984	
639	701	700	637	1015	1021	988	1033	
713	702	662	714	971	1001	1021	1025	
711	638	715	679	1014	964	994	1012	
647	683	649	656	1005	995	998	1021	
693	712	640	662	1025	979	971	1021	
685	704	639	674	1009	1033	972	1033	
667	665	648	690	984	994	973	1040	
676	704	711	684	1034	972	965	975	
685	639	653	711	1033	988	987	965	
641	653	705	696	1041	1035	1036	968	
702	682	640	677	1029	978	1009	1007	
653	693	664	716	991	974	1022	1039	
643	706	687	692	1032	989	990	969	
676	699	692	644	1036	1029	976	1007	
664	677	703	667	975	1027	976	1035	
644	704	660	653	1015	971	993	1042	
679	704	709	649	966	989	1020	993	
657	664	662	714	1006	1034	990	1001	
669	696	666	643	1005	1005	984	975	
702	651	657	639	1023	1027	992	973	
666	681	641	715	986	1026	964	969	
653	691	661	702	999	968	1031	1028	
692	639	711	636	989	976	1036	992	
686	636	655	699	1018	987	1027	999	
639	662	677	698	981	992	973	992	
709	656	698	652	1021	1037	971	994	
639	711	651	675	1012	1041	1029	1008	
704	681	707	652	1010	1032	1020	988	
641	700	693	684	1005	987	970	1004	
712	697	700	675	995	995	1025	1040	
640	689	713	685	1023	1019	997	971	
667	696	675	637	1043	982	1004	972	
653	671	701	674	1012	964	998	1042	
688	713	646	658	974	1019	1013	1005	
679	661	653	713	1008	982	1041	1004	
662	679	667	697	996	1007	966	1014	
696	716	638	646	1043	981	1042	965	
668	716	710	661	1038	980	1026	1008	
714	642	662	647	979	1013	983	978	
663	674	643	648	975	991	992	1039	
660	676	709	688	1023	1008	974	1036	
663	688	703	655	1019	1039	1005	988	
662	713	656	674	976	989	991	1003	
652	713	712	650	993	1040	1017	965	
647	651	701	716	998	977	1020	1003	
653	713	645	706	977	1026	967	1009	
694	671	715	655	1031	970	1038	1031	
641	657	704	688	989	968	1022	971	
690	698	667	665	1023	969	964	969	
639	701	701	654	1007	997	1034	986	
684	676	692	640	968	1031	971	1018	
666	672	673	651	995	1032	967	999	
707	649	715	657	979	979	1034	988	
690	644	643	680	1033	1014	1007	994	
643	698	655	695	1030	970	1009	1025	
698	716	654	683	1001	980	1037	1023	
707	703	681	656	970	1042	999	1008	
636	694	673	711	976	998	1017	1034	
695	662	641	673	994	1000	1034	1034	
649	692	667	707	967	994	1004	1043	
716	669	643	690	966	1028	1033	1023	
705	660	638	680	1030	973	988	1029	
652	697	697	643	981	1021	1039	1022	
642	709	636	659	974	1027	1029	1018	
693	636	638	669	984	1028	1015	994	
673	713	681	643	1036	981	965	965	
645	700	667	673	1012	1031	970	998	
638	646	671	707	1034	999	994	965	
713	655	694	712	1025	1010	964	1023	
705	706	649	704	1009	1043	1005	1025	
668	712	661	638	1029	981	978	990	
688	640	670	711	1002	1007	964	1021	
686	683	675	670	1031	1007	973	1043	
709	713	695	642	985	987	975	1035	
647	702	683	646	988	979	965	1000	
703	668	653	658	988	983	1034	1026	
641	680	640	701	994	981	1041	972	
697	652	652	688	966	1004	965	967	
682	682	710	640	1002	1012	990	1016	
699	705	643	645	1021	977	1019	965	
676	668	716	657	1015	975	974	980	
654	685	707	646	978	1028	971	1015	
678	653	711	644	993	1007	1026	1026	
643	654	665	699	977	1010	1016	1035	
689	690	661	688	970	1002	1042	1032	
713	657	655	695	1013	1039	981	978	
716	665	636	703	1027	1013	967	1039	
712	709	658	692	1029	1003	1034	1034	
656	703	685	646	1037	1009	1005	980	
709	689	636	691	984	1039	1037	996	
646	638	639	703	1007	1007	974	1041	
713	702	714	644	968	1038	1031	979	
712	665	704	715	1034	984	1026	999	
679	672	681	684	993	989	1038	1041	
688	655	700	705	1036	988	1012	991	
691	638	693	677	968	964	1015	1025	
697	663	636	640	972	998	1016	1019	
699	640	662	645	997	1033	1009	987	
708	662	641	653	1035	1021	1002	993	
663	683	689	689	999	973	1012	980	
683	697	643	691	988	990	1038	970	
638	650	692	662	1013	1001	1029	979	
715	643	652	712	1021	966	1012	1007	
705	677	682	658	1023	988	1007	1000	
707	650	709	684	988	1011	979	985	
671	641	657	711	1001	1038	1021	985	
661	678	680	716	1031	1019	977	1009	
687	708	644	669	964	996	1008	1041	
709	692	645	700	1027	976	968	1037	
694	650	703	637	1010	977	1027	984	
671	708	645	711	978	975	1015	1040	
713	679	638	652	966	1008	964	972	
660	713	697	690	982	985	1037	1038	
682	706	673	666	1005	1024	1017	969	
680	649	648	647	964	1009	1018	1023	
642	716	660	700	1030	970	976	1015	
713	649	638	695	1009	991	1013	1010	
646	703	697	691	1000	1028	991	971	
699	657	669	715	984	971	984	990	
638	710	677	643	993	978	992	1033	
695	667	641	684	1029	1001	1023	979	
692	682	697	695	1031	1005	969	968	
693	691	643	676	1023	977	1006	1009	
701	682	656	704	1032	995	1016	966	
662	679	668	650	1040	989	990	990	
684	691	672	647	1019	1033	996	1027	
711	665	662	704	993	1032	993	1033	
657	676	676	656	986	1032	1040	987	
679	659	714	681	1039	983	968	1037	
677	657	657	666	976	980	1019	1012	
704	698	636	641	966	1011	1021	974	
646	698	708	694	985	1006	990	1043	
695	658	663	642	969	971	1007	1036	
680	690	670	695	1042	1038	975	1021	
680	716	709	711	1040	980	979	1002	
678	667	669	715	1043	1034	1018	982	
650	649	699	689	970	1019	1042	978	
680	682	715	694	999	965	995	1037	
693	678	671	670	1000	986	1042	1034	
691	697	676	715	981	1033	983	987	
716	655	701	696	972	999	969	1028	
711	645	637	694	965	975	1027	1011	
687	638	712	660	1008	1007	1008	1028	
672	640	710	674	1038	1035	1017	997	
666	686	636	648	988	1041	969	1038	
654	709	680	658	970	1005	1002	1034	
653	686	686	649	974	1005	985	1017	
694	663	711	665	992	993	964	964	
659	672	715	653	1018	968	1018	984	
695	668	703	648	1025	1030	966	969	
710	643	643	660	1004	967	1032	976	
715	694	701	648	1005	974	1043	973	
676	692	653	709	983	976	1040	1040	
682	687	664	710	1007	979	1006	965	
642	676	639	716	965	1043	1042	1041	
643	677	683	638	1020	991	994	1042	
637	639	685	693	996	1018	986	1003	
661	662	662	708	1020	993	983	1032	
636	705	707	673	972	1007	1033	1012	
663	686	704	649	1002	1037	1005	986	
655	695	696	685	1029	1016	1022	967	
707	642	661	694	1029	972	1034	966	
683	688	655	684	976	1036	999	1033	
644	702	670	709	1025	1008	982	1010	
690	715	636	691	1005	1032	1002	965	
678	640	684	694	1028	1003	964	968	
661	710	708	686	999	1026	1017	1000	
663	686	714	665	1011	1030	979	985	
697	697	656	709	1034	1009	982	994	
693	653	660	715	1024	997	972	1040	
672	685	658	708	1002	998	987	971	
688	685	685	637	1018	1032	1030	1016	
709	702	644	682	1042	1017	968	966	
710	689	699	663	1000	975	1036	998	
676	648	676	697	990	1042	976	997	
650	688	673	712	967	1010	1041	1033	
688	687	695	639	997	984	1032	1022	
657	680	660	683	1021	1040	1010	998	
673	673	652	653	1040	1029	978	1010	
678	689	714	665	1003	1041	978	995	
702	669	645	654	988	1011	1036	984	
640	636	685	709	1011	966	1019	1010	
639	692	706	686	994	969	976	1043	
673	681	648	714	990	1030	983	1041	
703	647	670	655	1016	1009	1020	980	
710	639	716	666	984	1007	1015	1033	
678	697	643	683	1006	992	967	1015	
654	689	648	714	1023	975	1039	975	
699	699	693	696	1030	967	1015	1029	
707	639	703	670	990	970	1032	1028	
673	713	661	642	979	994	1019	977	
653	706	658	697	987	1013	966	979	
655	713	694	639	965	1036	1004	996	
691	708	637	708	1037	967	1041	974	
703	651	653	696	1038	1041	998	967	
654	672	699	642	1014	966	1003	1012	
712	696	647	637	964	996	1021	1014	
697	702	672	667	1018	965	1019	988	
682	693	645	703	1006	1031	980	1011	
702	638	659	669	995	1004	987	974	
684	658	636	679	1035	967	1021	1003	
642	708	680	666	1017	1018	1001	1033	
695	706	714	657	965	983	1032	1006	
691	650	682	709	1043	983	992	990	
700	646	643	709	1012	1026	1025	973	
650	641	698	702	968	985	1028	1013	
637	638	682	640	1026	972	1027	1037	
691	648	681	639	993	969	1034	1016	
689	711	689	636	997	964	976	982	
644	685	704	659	1017	1033	998	964	
707	647	663	657	981	988	998	968	
660	692	703	716	1019	1026	992	971	
672	642	676	660	979	986	1019	1041	
691	636	639	706	1011	1028	982	1022	
653	705	683	667	980	985	975	1039	
668	703	679	643	974	997	1005	1032	
685	712	663	681	1001	973	1012	1012	
656	693	670	712	1016	967	970	1013	
702	679	651	644	997	1004	1005	978	
701	659	687	640	1008	1028	1008	966	
693	655	696	689	1035	1005	1039	969	
685	688	651	713	1006	1008	1033	967	
637	713	713	681	1003	1016	1025	965	
713	711	678	643	985	969	964	1034	
659	646	662	713	1043	997	973	964	
655	671	698	637	982	1014	1041	972	
663	703	637	689	1004	974	974	965	
684	651	654	709	1025	1036	1014	985	
700	681	697	654	1009	986	1015	978	
706	697	639	654	980	996	1038	969	
645	672	691	705	1029	976	1030	972	
697	712	644	694	1040	1015	975	1008	
645	651	715	639	1028	1007	969	1013	
652	701	647	708	1010	969	1024	989	
653	653	669	650	1037	967	1042	991	
667	682	705	661	1036	985	1024	974	
667	657	656	710	975	997	1012	1041	
710	657	706	652	1043	974	1028	990	
643	646	711	670	1017	1008	999	991	
657	644	655	716	1005	1005	1023	1020	
657	704	642	704	995	1002	1023	968	
664	651	712	701	980	992	1013	1005	
667	681	692	702	1010	992	964	1008	
696	643	639	685	982	1003	965	1039	
673	693	649	663	1010	969	1015	1020	
706	697	652	642	1024	970	1026	977	
670	694	686	637	1016	1034	970	975	
661	660	651	710	1023	1010	999	982	
678	678	645	715	998	977	1043	998	
701	664	705	653	1017	1008	1028	1009	
661	674	637	636	1035	1016	1032	983	
672	713	642	667	997	1022	971	971	
664	708	646	669	1018	982	1042	995	
685	706	646	667	990	1026	982	1043	
701	665	696	638	980	981	1002	965	
637	704	714	651	967	1027	1008	976	
646	682	684	651	1019	1017	981	991	
687	701	656	655	970	1022	1029	968	
684	638	695	680	999	983	995	995	
646	675	674	650	989	1009	1028	965	
659	636	684	685	965	1012	1031	981	
643	707	646	674	1037	970	991	1015	
692	663	688	714	1033	981	971	988	
638	648	672	688	975	982	1020	1043	
649	642	707	699	1023	1033	1009	1030	
653	713	693	644	1030	966	968	993	
689	651	680	660	992	969	1015	994	
709	642	680	701	1030	1020	972	982	
688	680	652	656	1021	994	977	992	
691	663	660	715	1035	1008	1012	983	
699	687	643	688	965	1011	1027	1022	
638	643	694	689	986	1016	1004	965	
660	647	710	638	1033	990	1035	967	
689	687	715	642	1001	993	1016	994	
647	656	651	704	1010	975	1018	966	
652	643	681	702	987	1014	1006	1032	
639	701	663	701	1010	1024	981	1022	
704	673	706	645	977	977	1042	1037	
688	679	687	692	1011	964	976	1032	
712	664	685	644	1003	1042	979	973	
654	713	716	638	969	1026	965	1005	
692	668	644	656	968	983	1029	1028	
695	643	662	686	1020	1000	983	1029	
703	705	655	666	990	986	1011	1021	
655	705	670	711	986	1038	972	988	
678	695	677	653	989	1005	978	994	
713	709	660	707	1016	1042	964	979	
662	703	698	676	1043	996	1018	970	
702	656	709	681	970	977	983	1032	
652	675	706	645	1026	966	1031	986	
637	654	699	706	1038	997	1013	1011	
646	699	664	644	985	1009	992	1034	
665	658	665	714	1030	997	1014	999	
704	643	708	697	999	969	1041	1008	
663	655	713	656	991	966	1040	981	
664	654	712	643	1004	974	979	1026	
708	656	694	668	1027	1001	967	1040	
657	714	670	677	987	1001	1033	997	
662	704	666	661	1001	985	1035	998	
707	716	669	651	969	1017	982	1042	
688	666	700	652	965	1009	989	998	
690	645	695	647	964	965	1032	1024	
675	716	670	697	1008	980	1020	966	
656	716	645	663	966	1015	973	1023	
704	659	652	673	1019	1011	1006	972	
669	683	698	649	975	1001	1035	1041	
661	714	700	658	965	1016	1011	984	
659	646	716	664	1000	1017	1038	1039	
640	667	637	707	986	979	972	1042	
702	702	687	693	999	1000	1020	1018	
640	699	669	713	990	984	964	1019	
714	705	645	651	968	1021	1039	1024	
707	694	636	664	1041	1027	975	964	
664	710	716	700	1036	989	971	1042	
689	649	708	669	1031	998	980	1024	
696	659	694	712	984	973	1013	969	
695	648	648	710	1020	995	1006	964	
656	695	706	659	983	1025	976	992	
699	700	643	690	997	973	1016	992	
644	691	710	636	1011	997	969	1006	
667	638	715	707	1002	1008	995	1014	
699	701	712	669	1043	989	1019	977	
704	713	671	648	1007	1041	969	996	
695	663	706	642	1025	1005	1004	978	
658	682	654	648	993	1018	1029	1043	
660	662	689	696	1012	1043	1014	1005	
650	694	690	646	1030	1030	975	987	
695	711	673	687	999	964	1006	1023	
655	683	701	713	1038	1031	1037	996	
660	696	679	683	1039	966	988	1030	
715	695	678	647	988	1031	974	977	
660	715	676	680	972	1013	975	1015	
702	707	664	636	1006	994	991	1012	
647	638	687	696	1000	1004	1000	995	
684	646	689	645	1008	1001	983	1004	
637	679	662	669	1043	974	981	970	
652	696	662	684	1009	1033	1017	968	
646	644	704	657	1015	985	1014	1039	
682	692	648	715	981	967	1033	1040	
652	706	707	702	990	1022	997	982	
682	714	688	644	1041	987	998	985	
687	689	693	657	992	968	1033	1000	
642	678	642	682	968	991	972	1018	
711	656	682	682	1040	979	981	991	
666	642	670	642	1000	1019	986	1043	
640	691	647	711	993	1010	966	1015	
697	704	655	652	1030	996	991	972	
647	637	692	641	1016	1026	1021	971	
644	661	670	648	985	1025	969	1022	
694	669	710	687	981	1041	968	1037	
704	643	637	676	972	1000	965	991	
638	693	652	692	983	987	1039	1039	
660	710	671	690	971	1043	994	1025	
693	650	706	636	1039	1040	1029	1027	
681	706	639	673	977	1004	979	975	
695	636	659	697	1012	1003	972	1033	
665	655	699	647	1013	1029	975	967	
658	668	715	651	1008	1024	1042	1023	
673	667	654	693	1030	983	996	975	
637	644	670	673	1006	984	1043	1037	
672	690	709	641	987	992	1012	1030	
644	701	641	708	1007	1039	1023	973	
647	681	643	707	982	1032	1033	971	
637	663	716	715	989	1023	1043	964	
660	693	676	712	1012	1039	1033	976	
639	706	668	653	983	1015	967	999	
666	677	712	655	983	1006	970	986	
709	636	687	686	1001	1002	1031	974	
641	689	661	662	1040	967	1031	1033	
641	657	686	707	1030	975	1018	986	
712	641	706	654	992	984	1023	973	
678	678	648	663	1005	1008	964	999	
684	650	682	648	1021	1042	1007	994	
652	658	699	639	1014	1017	1019	972	
649	716	671	660	1017	981	1042	1031	
663	682	676	665	992	1026	1037	991	
694	712	649	672	973	1018	1031	965	
660	684	675	655	1029	1007	975	969	
665	645	713	716	979	981	985	980	
643	676	700	704	1003	999	1005	1035	
680	661	653	710	1021	1001	964	1007	
712	645	665	695	965	1018	1035	985	
668	659	714	711	1033	1028	984	977	
697	694	706	675	1019	976	971	1026	
681	702	659	637	1019	965	1028	1010	
653	704	648	660	991	1042	1015	1019	
699	686	687	642	1028	1017	1042	993	
693	654	649	710	1006	1022	1018	964	
671	698	667	680	1024	968	1014	1030	
709	661	643	644	1038	973	985	1030	
713	663	680	660	1018	986	991	989	
684	680	698	641	1012	1009	1013	1029	
655	703	654	688	966	1022	1015	974	
703	673	666	715	965	1004	1026	1029	
694	639	707	667	997	981	1016	1015	
700	701	651	705	997	982	983	1032	
679	688	641	703	989	1034	967	1036	
645	644	659	710	1031	976	1033	1006	
663	668	649	714	1012	1003	1006	1039	
650	648	670	703	1026	1030	979	1005	
705	653	697	642	1024	1035	980	975	
678	701	705	678	968	1029	1024	1042	
636	715	709	650	981	965	1014	967	
646	701	648	716	971	1027	1013	964	
656	684	686	684	991	967	1040	969	
706	637	677	694	1021	1013	991	985	
647	668	664	706	1036	1035	972	969	
706	707	700	713	1020	1035	982	1035	
673	699	691	685	973	1034	987	1025	
675	701	674	695	1040	976	994	987	
716	716	662	651	1028	972	986	1037	
700	638	713	653	993	964	1040	1037	
652	706	700	646	1018	971	1038	1030	
697	682	640	644	1008	990	1036	1002	
648	666	665	701	995	990	1029	973	
658	706	689	654	995	1042	1017	964	
685	687	716	647	998	998	1040	1013	
651	688	691	691	994	1029	1008	1022	
699	660	716	650	994	985	1001	1043	
642	695	659	716	1019	965	982	970	
661	674	651	709	1038	968	1013	1003	
706	691	654	710	1026	968	1012	989	
665	661	685	637	1026	1021	1035	986	
700	698	692	653	994	966	1002	1026	
689	664	660	653	1026	1034	1009	978	
664	646	672	716	989	1006	995	1041	
652	691	709	648	1028	1043	1014	980	
696	640	658	642	999	1001	976	1027	
703	686	646	669	1005	1043	975	978	
706	658	652	682	1011	978	980	1021	
688	663	705	668	1041	1023	970	1018	
663	662	684	640	966	972	1026	1029	
712	655	667	661	974	1021	1024	1035	
707	712	666	646	1034	995	965	1026	
645	675	636	700	965	966	1023	1020	
675	715	667	637	985	978	988	1027	
699	654	675	646	1003	973	1043	967	
694	661	711	671	968	1024	1033	969	
689	657	683	710	1026	979	1002	973	
694	650	699	648	970	1010	987	973	
715	656	642	696	973	1014	1032	1038	
709	691	639	653	973	1030	1034	994	
680	697	673	662	968	974	1032	1025	
691	703	685	645	994	1019	968	1037	
709	686	674	663	1016	1024	969	1040	
675	672	638	693	974	1029	1041	987	
673	671	707	642	987	1029	997	1043	
684	643	649	710	1033	1016	967	1033	
671	671	706	675	970	1014	1024	969	
668	681	667	640	974	1006	1036	1027	
716	636	670	715	990	989	1025	1041	
681	686	641	704	1012	983	987	1009	
646	650	715	671	1011	1036	1032	980	
705	689	676	638	1026	1029	965	987	
644	704	658	650	1006	1042	1025	980	
704	671	655	670	1010	1011	971	1027	
669	703	659	712	1010	1010	1041	1030	
708	700	646	683	999	1042	1031	989	
687	680	636	711	1036	992	1043	1037	
683	659	713	663	986	1043	996	1036	
641	658	674	636	979	977	1035	980	
669	682	713	643	1025	989	965	972	
688	639	653	646	988	1040	980	985	
671	659	669	715	1043	991	1013	988	
637	687	647	712	988	1018	1033	1011	
700	712	652	655	1006	1011	974	1043	
664	652	697	640	1015	1042	964	1019	
684	715	699	661	1009	1003	1028	985	
646	715	710	667	1010	1032	969	1028	
714	650	690	640	1007	1033	989	982	
700	713	663	666	964	1016	1004	1025	
679	640	711	691	994	1023	1012	966	
646	669	685	703	978	982	1035	980	
643	713	659	664	1005	981	1025	1030	
677	638	700	657	993	972	986	1038	
677	649	713	671	970	1043	992	1027	
644	660	656	687	967	973	986	1017	
702	650	643	699	973	969	1038	994	
644	687	675	636	1005	1020	973	1004	
648	706	658	706	1024	994	973	1039	
700	677	657	650	976	1016	991	975	
693	705	655	681	1016	979	1041	1042	
663	680	707	675	1035	995	967	1034	
666	715	652	652	1018	1028	1025	1013	
700	638	642	701	996	996	1001	1015	
699	676	686	716	1013	975	1025	1040	
636	688	714	707	994	1011	1037	978	
651	692	645	707	972	1028	996	1038	
665	652	688	715	1025	1018	965	1031	
708	650	657	678	969	1015	1030	1042	
663	683	660	683	1023	967	1040	1038	
707	690	637	712	964	983	1008	1022	
644	647	647	689	973	1011	1024	1020	
664	679	677	706	1007	1033	967	1004	
698	685	636	664	969	1037	979	1008	
711	668	657	711	969	985	1027	1018	
715	642	637	708	1019	1018	1018	983	
702	670	654	710	1036	1009	1040	988	
684	638	666	668	1005	997	1007	977	
667	636	673	708	1035	1008	974	1042	
664	713	642	653	982	1014	1042	1040	
668	712	638	660	1003	1019	999	1020	
716	655	708	655	1015	993	1043	976	
640	667	678	711	966	1029	1025	992	
708	665	642	658	982	1028	989	972	
645	642	688	705	1000	996	966	1029	
671	691	637	679	1012	996	1029	969	
701	644	666	659	1012	978	998	994	
658	711	647	650	997	1016	987	1008	
679	653	697	716	973	1024	1012	1031	
663	662	645	701	1000	967	1031	972	
687	667	689	700	1040	1034	977	1026	
693	659	688	666	1021	971	965	1041	
669	636	710	671	977	984	987	1043	
690	647	662	700	1025	1015	980	1014	
653	712	685	637	966	1001	980	1019	
705	647	640	663	995	1037	1039	1006	
693	655	692	637	1040	997	1004	985	
705	648	706	704	1009	973	1023	1031	
646	679	659	713	1043	1007	966	974	
674	643	704	643	1043	1023	988	966	
716	643	643	702	1014	1042	1005	1033	
678	681	716	714	976	1021	987	1036	
701	702	651	639	1006	971	1026	999	
711	639	703	663	1003	975	1029	1043	
641	686	715	661	1036	970	1016	970	
683	681	684	638	1000	1016	1005	993	
690	673	695	708	968	985	1012	1017	
638	708	676	701	1010	1007	1001	968	
703	708	641	655	976	988	985	978	
638	641	661	692	1035	994	1006	1024	
679	646	651	712	1013	1023	976	972	
703	715	663	655	977	1043	1008	1002	
709	697	638	676	1029	1014	986	972	
662	683	655	714	1024	1029	991	982	
696	658	709	676	1030	1037	974	983	
675	663	638	713	1011	986	1003	1032	
648	703	655	715	1039	1007	1037	1037	
716	663	680	641	1020	1012	1039	965	
647	694	687	701	1042	1036	1022	991	
688	691	639	642	996	1034	967	965	
654	710	708	646	1029	965	1020	1038	
648	702	654	688	1043	1027	968	990	
645	697	679	673	1007	1020	975	972	
711	650	688	641	1035	1012	967	980	
661	666	708	700	1007	1027	1000	1008	
685	712	637	664	993	1011	1035	982	
643	660	691	707	1011	1042	1022	968	
698	680	668	651	974	1013	1029	1021	
680	641	666	701	988	979	992	1014	
659	655	716	704	980	1027	968	1019	
645	716	706	674	1014	973	968	1028	
690	638	655	678	1038	1029	1041	1025	
691	716	669	683	1000	1020	1033	967	
683	664	659	647	976	1003	1042	1041	
708	661	693	671	1028	1010	969	990	
648	637	657	675	1030	977	1040	983	
711	707	661	649	1014	1009	1043	981	
704	682	682	707	1037	980	978	1029	
676	683	677	656	1025	1022	1038	969	
714	693	655	658	996	1020	1021	1039	
692	647	711	651	989	1006	1037	1003	
640	639	680	694	1041	1039	1010	1038	
683	692	659	658	1017	990	1016	968	
638	690	647	637	969	1041	966	1042	
665	714	649	668	993	994	1015	1010	
676	706	701	642	1005	1016	1000	1004	
640	695	705	683	1031	998	982	1024	
648	703	681	666	1033	988	1041	1011	
709	642	661	662	1002	972	1009	1030	
669	660	695	716	1036	994	970	1025	
712	639	687	676	1034	982	1005	989	
647	671	678	679	979	1010	1035	995	
658	689	656	637	979	1005	1031	998	
659	681	708	713	1026	979	972	1043	
712	639	696	660	1029	965	1041	970	
706	637	679	668	964	1031	987	979	
712	644	669	704	1022	1034	1023	971	
672	640	696	702	999	1024	970	984	
699	714	650	706	1021	1035	1034	973	
644	690	679	649	967	1012	972	1038	
710	696	711	644	1032	1016	965	988	
664	679	711	667	1035	984	966	1026	
700	662	639	636	967	1024	1035	1029	
675	650	669	664	1025	999	994	992	
711	653	704	647	976	968	974	1017	
639	707	649	640	1004	1021	970	1030	
682	716	661	711	972	993	1040	1028	
651	709	715	660	1017	976	1037	969	
666	705	682	667	971	964	1024	982	
674	657	708	681	1035	1031	1007	1025	
646	663	712	639	1014	1012	1032	982	
709	641	713	712	986	1042	1022	1024	
710	645	700	701	975	1003	1017	1042	
643	695	657	708	971	1004	994	1032	
710	656	641	704	1026	1007	1016	1013	
659	704	640	646	1038	970	1021	1020	
674	694	637	716	973	1039	1020	988	
668	689	682	692	965	983	983	1024	
647	692	640	682	1013	1041	1002	1002	
715	645	709	651	1029	1002	1017	1011	
715	686	656	715	1011	995	1028	1004	
683	665	654	698	981	975	984	973	
651	672	637	712	1027	964	1003	1017	
660	638	699	700	964	997	1039	979	
678	677	687	646	1024	985	1012	1036	
681	686	668	682	980	1034	1013	965	
693	700	641	711	964	975	1003	1040	
707	695	683	647	1043	1013	983	985	
666	694	678	691	1010	967	1015	998	
670	708	658	681	1015	1012	1025	980	
713	658	677	669	1025	1036	995	987	
698	685	714	674	1011	1030	970	1000	
704	678	715	636	999	1014	967	1016	
708	653	643	694	967	996	1035	984	
705	658	684	650	991	991	999	1042	
678	692	693	644	1025	981	1034	1017	
655	686	666	706	1041	1038	977	1027	
670	714	671	664	997	992	1032	1025	
653	703	640	648	977	997	966	993	
651	670	664	665	1034	1030	998	966	
645	707	650	683	976	1026	973	997	
637	692	684	716	981	987	1033	1036	
671	714	648	705	981	966	1016	1007	
698	697	636	659	987	1035	969	998	
716	690	663	654	1031	1008	1027	981	
665	694	698	715	968	1038	978	1015	
705	715	637	653	1010	1008	964	980	
691	685	711	645	968	970	1042	1013	
672	705	647	705	1009	985	1036	1010	
712	702	688	703	1043	988	1030	966	
660	674	673	710	979	984	1036	1042	
710	653	671	704	992	1041	1005	968	
652	716	702	636	1020	987	1019	971	
688	637	664	714	1017	973	987	1005	
658	651	705	674	992	1002	1035	967	
706	670	689	655	975	1026	969	1038	
704	715	714	646	997	1033	1019	977	
691	661	647	666	992	1004	999	964	
666	712	709	647	1023	999	976	1042	
675	642	706	640	970	1013	1032	1036	
685	647	700	711	1014	981	1013	1014	
675	652	651	664	1043	992	966	1013	
696	705	691	649	1002	966	1011	992	
708	663	640	705	978	965	1036	1030	
691	646	664	677	1020	967	967	985	
682	690	676	690	973	1004	1011	1025	
657	663	705	695	971	1037	1016	968	
692	671	687	670	1024	1001	1013	970	
679	658	704	653	979	973	1033	1039	
670	680	711	655	1010	1012	1005	973	
696	642	663	693	971	1017	1001	972	
689	690	707	682	988	1003	1043	998	
710	682	680	702	1028	991	1017	1032	
665	643	657	667	989	971	1027	971	
668	700	675	646	992	1036	977	985	
687	642	645	683	1028	975	994	1039	
703	693	651	641	1006	981	1026	971	
699	660	682	647	991	1006	1023	1029	
690	712	664	666	1009	998	994	984	
678	669	662	712	1004	1003	980	1001	
681	712	669	678	993	1006	991	1042	
713	696	666	665	1036	1014	985	965	
702	642	676	637	996	1011	982	1040	
705	684	699	640	1017	1002	1018	981	
667	683	677	703	1040	1040	970	982	
636	653	696	713	978	967	1037	977	
670	675	649	707	1016	1029	1043	969	
700	716	660	656	983	1015	979	1033	
673	647	645	700	993	970	1002	995	
692	661	673	715	1021	1022	965	982	
695	646	645	697	1020	1000	974	966	
706	668	689	709	992	1003	999	966	
643	699	683	641	1009	1020	980	1018	
660	713	672	705	1014	1008	964	1025	
674	654	654	657	972	1004	971	1034	
710	638	637	671	1006	1035	1029	1007	
648	697	664	699	972	972	1013	997	
687	674	714	663	1029	983	1021	990	
651	678	672	701	1021	977	1002	1038	
688	685	671	705	1038	1027	965	970	
711	640	650	656	995	1042	982	1008	
664	701	709	662	1042	1008	1000	1024	
663	704	647	662	972	995	1025	995	
645	663	690	715	1005	966	989	965	
685	649	649	711	1027	1010	1010	1037	
707	647	666	670	964	1018	1035	1000	
715	645	644	682	988	1031	1038	1041	
685	638	667	666	974	1003	1005	1036	
673	661	705	636	1004	983	993	994	
677	658	685	711	1027	1012	1037	964	
680	714	663	648	997	973	997	1030	
707	661	646	656	1030	999	982	1040	
675	659	676	651	1032	1002	998	974	
648	671	662	680	996	992	971	1039	
666	671	648	705	1016	1001	989	972	
674	656	639	716	1014	970	974	996	
661	700	707	653	996	990	985	1019	
683	641	687	704	1017	1024	1002	1019	
706	655	649	684	1035	1009	975	969	
