L1	L2	L3	L4	R1	R2	R3	R4	
686	668	701	663	968	965	1027	1033	
675	666	699	714	1008	1020	980	968	
708	671	647	716	967	1010	987	1032	
684	715	658	656	999	1008	1033	968	
711	700	645	647	1011	991	981	1041	
653	649	647	709	983	1033	1029	995	
708	644	659	664	1024	981	997	998	
670	645	702	702	985	1026	994	965	
711	703	678	698	984	982	1004	1031	
678	651	688	644	1013	1017	964	990	
700	679	658	684	1032	992	1009	998	
654	702	700	647	998	1022	966	1033	
694	689	680	709	975	1002	982	1041	
651	686	692	696	1015	1041	976	994	
702	650	636	652	1039	1041	988	1041	
648	682	640	690	973	1037	1031	1032	
679	709	640	668	966	1004	987	1028	
677	647	686	704	973	1040	1038	988	
693	692	687	688	1013	1007	1016	969	
664	682	672	716	988	967	1007	1040	
657	699	642	641	995	985	1033	1022	
655	639	695	663	987	1024	984	985	
659	714	712	684	1009	1004	992	1034	
711	652	671	702	1033	979	1024	981	
643	716	701	676	1008	1028	1038	966	
654	674	694	641	984	1028	1031	1027	
715	683	670	710	1021	986	971	1042	
710	681	711	643	988	999	994	1031	
661	710	680	664	999	1029	1004	966	
704	649	709	659	1008	1025	1003	972	
672	666	686	661	1023	969	988	975	
662	668	654	641	982	989	1025	968	
672	653	687	686	967	1032	1019	991	
699	647	638	649	982	999	1034	972	
700	690	672	646	993	1013	1034	1010	
674	695	645	664	1023	1012	985	1036	
680	684	707	660	1033	969	1030	1001	
697	679	705	646	1004	1028	1036	966	
672	658	698	700	1027	1024	965	1014	
670	675	691	642	984	1041	1020	998	
710	712	658	637	1011	1001	976	992	
690	669	646	658	981	1041	1004	978	
708	695	684	651	1040	966	1031	1017	
695	640	681	660	998	1006	1039	982	
684	713	712	646	1027	965	994	986	
640	692	713	661	1014	1027	974	970	
656	657	649	698	972	1036	1026	986	
676	651	715	676	1021	1010	977	1040	
696	654	686	662	978	1041	997	1028	
696	649	670	645	985	1029	1009	967	
640	652	684	643	966	1027	1039	989	
654	693	639	690	1043	1014	1021	982	
638	714	701	654	1040	981	1017	995	
686	696	707	640	980	1027	978	975	
645	663	665	638	1008	975	994	1036	
703	644	700	639	1015	1041	992	996	
715	644	680	669	1013	971	1035	1036	
697	686	640	648	1041	964	1015	1029	
677	668	669	639	1024	983	981	1024	
681	668	669	666	996	1042	974	1030	
673	679	636	705	999	968	1008	1019	
687	710	653	678	974	964	970	973	
678	639	636	702	1020	969	1013	966	
687	675	707	715	1003	966	1027	1023	
706	652	703	707	1025	1028	1030	1041	
714	711	649	695	991	987	1039	997	
715	641	657	643	966	1015	983	976	
696	642	644	667	1002	1014	1036	989	
664	636	658	702	1039	973	976	1041	
683	668	656	715	1017	1002	965	974	
663	713	639	712	991	1013	1040	1000	
676	706	645	643	1033	1023	1029	986	
692	698	703	666	1006	985	964	1026	
647	716	646	713	967	984	1038	966	
706	712	648	643	1012	1016	988	988	
698	697	642	693	1013	1039	974	978	
670	657	707	662	1039	1022	964	1027	
694	695	689	644	965	1038	981	1039	
713	701	688	642	1031	991	1017	984	
712	678	669	660	974	964	1019	985	
659	702	691	714	1032	978	1029	1036	
637	667	679	711	1019	1014	1014	988	
698	649	663	671	981	1034	1006	976	
655	714	674	645	998	969	999	1027	
681	665	656	648	1032	983	1031	993	
698	677	658	711	976	1040	1013	1023	
678	655	689	708	986	1031	994	984	
705	700	654	671	1000	1020	999	996	
649	697	710	646	1015	965	969	971	
698	695	689	672	994	1008	974	976	
681	659	687	712	972	992	1017	996	
667	712	703	637	1036	994	999	1008	
658	659	712	658	1025	990	968	969	
676	656	641	687	986	980	1020	1041	
698	692	648	691	984	1031	1039	1008	
700	701	645	648	972	1027	1016	970	
652	713	663	658	986	1034	979	1007	
705	644	715	649	1022	984	1007	1015	
668	655	674	653	1012	964	1032	1011	
715	650	704	655	1042	1028	990	966	
692	650	706	647	989	1037	1022	970	
656	674	710	699	975	988	1015	1035	
691	698	645	706	1027	981	972	969	
715	643	689	671	1034	1022	981	985	
714	672	672	688	1025	967	976	1029	
664	687	713	651	986	1028	1016	1036	
665	701	659	707	1042	993	989	1016	
655	698	711	691	991	994	1008	1031	
662	642	637	711	1030	988	988	1038	
636	710	657	685	1012	1037	1036	967	
643	655	678	647	983	991	970	1033	
636	710	714	702	1024	979	980	980	
661	691	687	646	984	1013	982	1003	
713	646	713	669	969	1001	1027	975	
707	711	689	640	1025	1025	1031	1022	
685	673	647	703	1032	981	987	1034	
689	660	692	716	1003	1005	1043	969	
706	649	685	694	1004	1002	1032	968	
654	678	636	699	991	1008	1022	1043	
666	662	665	698	993	1041	988	990	
662	686	690	665	974	1007	988	981	
645	656	693	695	1042	981	1041	1041	
651	660	649	712	1035	986	983	973	
681	650	636	699	994	968	964	1028	
715	707	688	636	1000	1038	1024	985	
640	711	679	708	1043	1040	1011	1036	
636	690	689	665	986	987	1022	1041	
637	676	694	712	981	964	1021	965	
684	640	710	683	1013	1000	969	1023	
716	675	666	636	1018	967	1001	1043	
700	658	702	656	983	989	996	1038	
640	708	689	694	1005	968	1030	1014	
661	703	713	643	996	967	1006	1023	
677	672	712	697	1013	998	987	1041	
675	673	714	675	1001	993	967	1008	
693	704	659	644	1007	1016	969	974	
647	681	701	637	1024	982	1043	1034	
710	709	640	684	1002	996	965	1019	
709	664	680	644	992	965	1029	1037	
674	684	705	659	995	1019	995	1009	
668	674	700	664	991	1029	1030	989	
709	636	697	650	988	1012	1037	1042	
654	705	653	704	1014	971	1007	1037	
636	666	667	711	1036	982	966	1038	
646	660	675	683	992	976	1012	972	
666	688	698	637	1016	1030	1035	1021	
651	698	691	670	1015	1007	1022	1042	
655	686	666	641	1008	1041	986	1026	
636	639	692	661	1006	965	1028	973	
698	655	695	662	984	1027	1008	1023	
696	703	667	644	1017	1020	1033	970	
676	646	681	700	1010	987	1021	1007	
674	645	706	704	1016	965	1035	1034	
714	649	692	643	980	990	988	971	
697	677	698	640	980	1013	992	1016	
640	673	696	670	979	995	1015	1032	
657	639	637	708	1035	969	1010	971	
637	696	689	716	1027	1002	1036	979	
681	698	704	647	968	968	1020	977	
681	710	683	648	980	983	1041	1040	
686	710	700	665	1030	999	1004	968	
665	697	652	665	997	1033	1000	998	
666	713	716	659	1025	991	1014	1036	
681	716	668	714	988	983	1023	1038	
663	663	707	699	1008	1003	969	977	
682	656	709	695	985	998	1020	981	
704	641	689	666	1015	970	1026	1031	
679	703	675	700	964	1022	1015	1006	
704	675	647	699	982	980	982	1041	
683	640	709	646	992	1005	1043	978	
692	712	641	651	1017	978	983	1031	
687	701	651	660	1043	1001	965	995	
715	639	680	661	1000	1018	966	1040	
643	695	644	638	1035	979	1035	984	
702	673	685	637	998	978	1043	1035	
694	645	667	636	1042	1026	986	1031	
701	698	649	652	986	974	1002	1040	
645	670	694	656	968	1012	1026	1014	
698	642	709	691	1013	984	1032	1043	
677	676	674	716	1006	985	989	1042	
702	663	704	652	983	1034	965	984	
641	691	649	693	1018	1034	986	1001	
712	669	699	662	987	972	966	1019	
669	657	706	672	1040	1011	1023	968	
683	663	638	697	1000	1042	973	1034	
667	691	702	710	1036	1011	998	1013	
682	680	672	647	1033	1006	1013	977	
694	642	692	640	993	993	1018	1038	
678	709	676	685	987	966	1043	1022	
663	677	662	705	987	972	1013	1023	
646	645	700	681	980	983	995	992	
711	679	674	642	1001	1012	1006	1007	
706	643	658	638	990	999	978	1040	
641	640	658	709	1016	999	1029	1031	
714	706	646	657	999	1036	966	1024	
648	679	639	651	1003	982	999	1041	
656	710	643	696	1020	1030	1005	1031	
646	688	709	691	972	991	1040	1025	
664	643	707	644	1036	1010	988	1030	
677	654	637	695	1002	1031	988	983	
711	668	714	672	1016	969	978	1032	
663	681	703	640	1018	1031	992	990	
637	704	711	644	992	968	1026	1042	
699	649	655	690	1042	1043	986	980	
689	643	695	663	964	992	976	1030	
650	666	697	706	975	1008	982	1041	
707	672	679	648	977	994	1038	984	
654	691	658	653	1041	1006	987	985	
702	671	666	711	1029	967	1020	1008	
671	696	682	641	1036	969	1001	1025	
685	706	714	703	1007	968	1036	997	
716	653	662	669	969	1026	1028	1023	
644	654	642	690	997	991	1007	1038	
669	668	704	701	1032	979	1031	1006	
684	666	683	652	1020	986	968	1010	
710	678	638	648	1039	1023	983	983	
690	669	652	636	990	1022	1030	1042	
704	658	637	715	980	991	1035	1035	
637	701	680	663	1013	988	968	964	
686	650	637	639	1027	990	993	1022	
673	664	705	663	1019	1029	966	975	
711	676	716	646	1013	965	970	1024	
709	691	692	660	999	994	1005	1036	
641	713	652	677	1043	1021	964	984	
691	713	651	641	998	968	1005	1012	
701	692	711	653	1019	1034	1029	1007	
702	661	648	715	991	1019	998	977	
715	705	644	646	1018	980	970	1028	
653	638	692	675	980	970	1014	976	
701	665	679	715	1037	969	992	1004	
687	649	711	653	985	1041	1027	985	
698	640	678	664	1037	976	996	999	
716	714	650	715	981	968	1034	1026	
697	684	675	641	1031	1011	979	1043	
695	704	657	711	1029	1020	986	980	
712	688	651	712	1030	1036	1014	969	
694	707	652	646	1011	1032	983	969	
676	708	657	684	993	1010	1026	1013	
694	674	710	709	1032	1002	1003	979	
709	678	657	669	1020	1003	964	1008	
697	677	661	643	964	1035	969	1040	
645	647	697	714	969	1023	985	1043	
655	709	643	701	967	974	1011	1042	
660	697	692	690	1017	1034	1002	991	
709	705	658	675	1011	1007	1036	971	
670	700	675	653	1033	1008	967	978	
712	676	641	644	999	1031	988	996	
716	673	677	643	1032	968	989	971	
709	638	707	675	1022	1015	967	971	
678	665	667	716	999	998	1036	991	
708	639	705	710	999	999	988	989	
675	711	680	714	995	1021	1028	1003	
636	703	646	657	1002	1025	977	1020	
685	663	690	705	964	1042	1001	1043	
651	678	668	639	1025	1015	1013	966	
690	682	699	643	1039	991	972	1019	
675	650	681	711	1013	964	1040	971	
715	661	669	675	968	1003	986	1024	
691	658	715	701	1013	1042	1013	967	
699	678	648	662	968	978	1035	1024	
640	676	647	641	991	1016	968	1034	
706	688	644	695	970	990	1038	1041	
661	680	688	668	1000	1023	978	1028	
657	669	637	682	1004	1027	1038	984	
673	689	677	651	1017	1029	1000	965	
714	691	655	664	993	982	1030	965	
693	703	706	659	1027	1020	980	976	
693	651	715	709	1005	1041	975	990	
711	659	668	637	1030	983	1040	999	
698	642	703	685	1007	980	1023	991	
660	670	640	697	972	993	1004	991	
636	662	681	675	986	994	993	971	
693	659	663	641	1009	992	1026	1020	
640	650	704	646	1042	994	1038	1015	
647	711	639	637	1018	975	1015	987	
704	673	669	651	981	967	1027	982	
708	671	672	654	971	1031	971	1029	
664	686	655	664	1012	982	969	1032	
648	706	695	650	997	1022	996	966	
676	671	659	644	995	1033	987	1039	
682	646	707	638	995	970	1018	977	
708	675	709	657	986	1035	964	1017	
689	662	661	716	1017	1012	970	985	
669	642	654	637	997	974	986	1038	
668	639	651	702	1033	969	969	988	
674	689	708	654	1025	1002	970	965	
708	643	667	660	1036	1012	1017	968	
640	659	707	706	995	1010	1021	971	
706	701	655	689	973	1024	968	1043	
709	640	704	667	977	1009	982	1021	
644	646	709	696	1019	992	992	967	
692	692	642	653	988	1040	1010	1021	
698	673	671	639	1024	972	1008	971	
640	696	647	665	980	964	973	1034	
706	659	686	641	971	977	1011	1024	
681	709	643	657	1003	969	1034	1039	
644	670	699	693	1018	998	1010	1008	
703	677	669	690	1008	1025	1018	976	
701	660	659	696	985	1022	1016	997	
669	694	653	651	1030	1030	1010	972	
713	649	647	712	1014	1012	1041	970	
638	644	690	683	993	967	992	1041	
661	657	675	660	982	1001	987	998	
693	670	708	637	989	1041	1010	977	
682	703	673	664	1022	1020	979	968	
642	688	685	661	1042	1000	1024	966	
698	685	648	716	964	969	1023	990	
678	642	690	685	985	1024	994	997	
656	645	655	706	997	1032	989	1039	
703	669	685	704	998	1034	1030	971	
671	706	641	687	1039	981	988	1000	
712	691	659	636	967	1000	1029	1027	
650	637	638	705	1003	983	1032	981	
716	664	690	674	968	1021	1036	971	
679	701	676	640	1003	1025	986	1039	
637	714	638	690	972	1032	988	967	
674	676	708	653	1030	967	1033	1003	
640	682	688	671	1011	976	1032	1013	
695	682	641	703	1008	1023	976	969	
636	697	641	712	1022	965	976	992	
674	642	702	677	1034	1037	1016	971	
703	707	698	644	983	1016	1034	989	
659	664	687	701	1022	981	1023	1035	
651	667	658	689	1030	1042	1039	970	
667	707	647	706	1002	1033	974	1002	
671	654	652	685	1041	1022	997	1000	
671	716	655	706	1018	1005	1004	1016	
666	698	712	641	970	971	1034	1041	
674	641	669	688	1032	1021	966	966	
653	706	712	662	981	1036	988	971	
685	668	693	710	1010	1016	971	1022	
714	701	664	678	1043	1004	1015	1036	
689	715	675	652	1026	1030	972	1043	
699	669	699	638	1030	987	979	1025	
670	695	644	708	991	1012	984	997	
679	660	693	702	1003	998	966	1024	
694	705	638	709	971	1030	1027	965	
671	653	641	696	990	1007	991	1000	
655	715	638	664	976	978	966	968	
682	688	714	675	1009	977	1041	1023	
645	698	684	688	964	1030	1007	1027	
704	687	659	682	965	979	1008	1043	
662	697	647	710	1036	1018	971	1041	
672	702	654	713	1028	992	1001	1039	
647	673	708	708	995	975	997	972	
712	693	646	636	1036	1035	976	1010	
708	703	705	637	1038	1018	974	1041	
689	660	656	710	1026	1003	1029	977	
650	646	668	715	969	1041	1000	988	
656	660	678	667	973	1013	1041	992	
651	657	705	672	1006	998	980	1013	
705	700	654	646	989	1008	1014	964	
636	715	651	706	1013	1013	1025	980	
684	667	654	697	1007	1039	999	976	
675	688	681	649	1000	991	1008	1008	
650	643	685	705	1036	981	1014	974	
691	650	699	645	986	1040	984	1036	
704	660	651	714	988	1029	980	1037	
707	710	640	713	970	979	974	992	
636	698	706	650	1043	1025	970	974	
702	704	658	636	976	1028	1041	979	
690	678	669	704	1035	1019	1011	1022	
677	699	693	659	1031	1032	1003	1032	
660	648	716	694	992	999	1017	967	
687	644	713	714	996	1039	965	1001	
716	676	663	679	1013	1027	986	1040	
691	687	695	668	1000	1007	997	994	
641	655	651	715	970	984	1043	976	
715	699	652	647	982	1030	988	1041	
693	670	706	645	964	965	1011	1030	
639	640	643	709	1010	1024	974	980	
694	701	671	675	969	1043	965	1002	
707	711	661	680	1015	973	972	1024	
665	650	660	714	977	1032	1009	983	
685	696	708	652	977	968	1037	1020	
677	671	712	665	965	1035	1029	1019	
640	713	701	651	964	995	971	1034	
692	710	674	659	982	1014	1039	1012	
640	681	705	665	1017	984	1000	1036	
671	648	692	661	976	974	1022	980	
669	712	687	636	1039	1017	1008	996	
641	695	637	666	1023	1037	982	965	
702	650	689	655	1021	1020	966	989	
702	652	705	716	1008	1033	1001	1038	
655	663	700	681	994	1021	1043	983	
673	645	645	712	984	996	1032	967	
709	712	662	650	1041	974	1001	999	
715	713	690	660	984	1014	982	979	
656	698	700	640	1013	969	1023	1042	
683	648	711	712	978	1009	1033	1034	
702	657	647	645	1008	973	1031	990	
693	649	658	676	1008	1038	980	978	
678	665	692	641	997	1027	1037	983	
713	686	671	675	966	992	1018	965	
649	647	710	701	1008	965	971	984	
677	692	636	711	1029	1025	965	989	
673	671	642	704	988	992	1031	1005	
705	691	669	651	975	1014	1008	1033	
696	648	641	665	996	999	982	1037	
669	714	668	646	1013	992	991	972	
648	697	714	653	984	1013	998	993	
684	696	711	645	985	973	1036	1027	
702	698	649	643	966	1032	1019	1010	
675	695	642	650	977	1008	979	1032	
645	664	713	677	1024	984	1024	972	
645	704	667	707	1007	1017	1004	1038	
699	647	693	688	997	981	1011	1007	
642	678	668	699	1033	982	1040	991	
672	665	681	708	1005	1013	1021	981	
686	653	694	652	1016	964	1011	983	
695	673	684	657	1009	989	1021	1042	
709	659	702	668	1043	1017	993	1032	
643	699	671	638	1001	982	1030	998	
671	672	640	650	1040	975	985	1036	
676	705	663	638	985	1007	1034	970	
655	686	688	638	986	1034	975	1039	
683	709	689	644	973	994	998	966	
690	639	713	700	1020	1027	968	1043	
646	693	652	706	1036	998	1014	979	
648	703	713	643	974	976	964	1038	
689	705	663	654	1021	979	964	1026	
676	677	648	710	1038	1015	1014	1038	
687	680	636	662	1018	1018	964	1000	
647	674	695	699	1007	972	977	974	
647	673	685	703	974	1023	973	1026	
679	674	687	690	1038	981	1033	986	
675	679	702	700	979	971	992	1008	
671	639	713	713	993	1025	977	1039	
671	646	694	712	1003	974	1036	992	
655	668	708	667	995	985	983	1028	
646	704	702	645	970	1018	1040	1028	
648	693	674	637	1013	965	1021	998	
699	638	645	671	994	1001	970	999	
693	644	706	637	977	1010	1038	1038	
692	643	651	637	988	1007	977	1026	
712	684	668	691	1038	975	1036	964	
662	696	671	652	971	1007	995	1034	
640	709	663	666	1011	1031	1001	1021	
657	639	714	653	979	1012	1035	1014	
661	687	660	704	1015	997	1026	994	
710	651	710	664	1006	1000	1007	968	
655	658	676	707	1017	995	1008	995	
662	669	678	707	979	1034	1033	982	
715	659	716	649	1010	969	992	1026	
715	641	689	649	972	966	1040	1033	
706	712	642	653	1020	1042	978	1035	
661	712	655	704	1002	1007	968	1036	
714	691	639	703	971	1022	1029	1011	
653	671	707	699	1038	1031	984	991	
686	637	662	706	987	1036	1043	964	
662	687	644	715	1016	1009	974	1040	
639	638	707	688	981	993	995	968	
662	681	663	684	1027	1024	966	981	
692	641	707	654	1022	1010	1012	969	
664	661	650	711	979	988	966	1041	
660	703	650	711	978	993	1036	1041	
699	706	643	639	1012	977	1041	990	
678	696	702	636	1024	993	1021	1000	
679	693	678	641	1005	982	1014	966	
662	678	699	638	1023	1042	994	991	
669	675	697	686	1041	1021	973	965	
647	699	644	703	1020	1034	1029	978	
677	664	693	702	1001	1011	1007	979	
706	660	689	676	966	970	1030	1043	
698	688	644	639	987	983	1014	1003	
715	647	693	686	982	1043	1000	1040	
651	640	688	679	1019	1040	1027	969	
646	692	682	641	1022	1011	969	1022	
636	688	639	710	984	1014	1014	1015	
708	713	693	656	968	986	1030	1025	
704	637	677	682	1030	992	1024	987	
707	637	702	667	982	1039	977	1040	
677	645	641	687	1006	1019	965	978	
670	657	715	671	989	1043	964	981	
657	713	709	647	1013	1015	978	1028	
648	673	699	646	986	1035	1002	1036	
654	646	655	708	984	1002	1034	1023	
643	701	703	675	981	1004	1016	971	
641	687	701	670	982	976	1010	1030	
714	686	673	655	1004	1036	1024	1020	
707	646	656	714	964	967	1010	1041	
678	713	656	653	1030	1033	973	1014	
696	648	711	693	1036	1009	965	988	
638	673	710	656	1043	1006	1040	1005	
644	709	667	653	1005	1015	977	1007	
703	698	686	642	993	994	982	1029	
674	698	710	641	995	1010	1006	979	
639	666	698	638	1014	1004	975	969	
651	696	698	640	1038	1031	1018	989	
705	657	657	678	1015	1002	991	965	
689	649	698	673	1000	1043	1014	972	
670	640	648	716	966	1020	996	998	
716	668	681	711	1012	1029	1002	973	
694	638	643	693	1008	1028	982	1039	
672	707	698	647	992	1002	1010	969	
669	695	702	643	975	965	966	1018	
713	674	690	642	972	972	989	1020	
686	646	684	643	1036	1020	988	970	
656	703	677	656	964	1041	1019	964	
646	701	704	673	964	983	1032	1020	
708	682	712	659	1010	966	985	982	
678	662	710	647	969	975	986	1024	
680	702	704	649	1028	1001	970	1000	
687	642	702	649	965	1039	1014	990	
711	684	656	687	997	1029	1022	1027	
660	690	688	673	1032	990	1009	999	
675	710	675	666	976	1006	1036	984	
707	666	643	684	1012	989	1007	1008	
640	668	697	694	1031	1039	998	1040	
667	671	694	642	966	1043	1009	1011	
714	688	646	683	997	976	999	968	
657	691	649	716	1006	1001	1031	970	
701	685	638	711	970	992	1037	1027	
689	636	652	684	1036	979	967	1002	
693	689	647	700	1022	973	1038	967	
664	667	675	712	994	983	1012	1003	
705	689	651	648	975	981	1009	1008	
701	648	711	689	1034	1043	1027	977	
666	636	651	708	990	1032	1011	1002	
669	711	695	652	975	1036	992	1036	
659	675	709	703	1043	1001	983	979	
655	672	683	646	1043	1032	988	1042	
693	679	691	641	1037	1006	1042	1037	
683	685	678	640	966	998	1035	1037	
665	692	714	643	1007	992	991	971	
713	685	671	700	1005	1034	980	1013	
696	645	693	704	1003	981	973	1035	
685	639	716	682	1026	1013	986	984	
655	679	715	706	982	1018	994	1022	
646	641	695	702	983	987	1019	1041	
703	639	637	691	1029	1015	1025	993	
683	668	663	649	972	1022	988	1032	
659	690	637	673	1027	1004	1012	1003	
708	663	656	696	1011	989	983	1016	
716	642	672	704	1009	971	1004	1035	
675	695	637	647	1023	1015	1009	991	
652	655	713	687	989	1032	997	981	
655	685	642	707	970	987	1013	1034	
668	658	672	653	1001	1030	974	987	
707	637	676	657	1019	1006	1000	978	
638	661	696	688	984	997	1036	1011	
686	688	708	680	987	994	1025	1042	
646	650	638	707	1042	976	990	1011	
671	666	646	644	968	1031	1007	1035	
704	706	689	639	1043	966	1036	1004	
687	649	693	639	987	991	983	1042	
703	637	709	647	984	1035	1010	983	
712	638	640	708	997	1038	972	975	
704	652	656	714	991	1033	979	976	
706	690	638	672	1009	1027	964	1006	
692	671	669	711	983	1024	1013	1037	
710	682	697	700	1041	986	970	1024	
653	702	646	678	1023	989	1032	977	
676	664	663	709	1037	979	992	994	
695	637	665	660	968	1027	1030	978	
639	636	666	711	988	964	1009	994	
714	714	638	696	990	977	1042	1022	
654	694	704	680	1021	976	1006	988	
712	691	674	667	972	998	1035	975	
655	682	694	710	1020	979	973	1028	
643	663	657	696	984	995	1034	1037	
705	643	649	649	1027	979	969	1023	
649	672	700	689	1010	973	1000	988	
697	683	636	708	1007	993	1009	1037	
637	662	701	643	1039	998	1027	971	
658	649	676	707	1007	1013	964	992	
708	643	647	697	965	995	1013	1026	
662	667	699	683	1039	984	1022	1000	
647	687	700	709	999	977	989	980	
682	703	696	641	972	986	1009	997	
704	672	643	650	991	1009	995	1008	
703	684	685	642	975	1002	1002	1029	
651	658	694	704	1020	1042	964	988	
683	684	643	642	1008	1008	964	964	
654	703	699	651	977	965	1030	982	
647	674	705	670	1016	964	971	966	
657	696	710	653	1015	995	1022	964	
693	643	663	658	966	1043	999	1039	
686	647	697	636	983	966	982	1042	
715	676	650	650	995	995	1039	977	
660	708	695	698	978	1033	1031	996	
642	639	714	704	1010	1010	984	976	
667	707	655	687	1007	1027	1030	974	
658	636	712	659	1017	995	972	1023	
667	661	688	704	1024	986	1039	967	
711	654	636	669	986	1025	1009	999	
692	670	650	677	981	1016	976	973	
701	688	641	680	1016	975	1031	1038	
644	688	702	685	994	990	1006	1016	
687	639	714	650	982	1028	1008	1006	
643	652	712	705	971	1039	1016	965	
683	656	658	713	975	966	974	1028	
689	650	651	682	997	1010	971	1039	
690	706	682	636	973	974	986	966	
668	639	686	695	1010	978	1037	1035	
706	690	690	646	1020	969	1002	968	
671	708	641	653	969	982	1012	987	
706	689	665	665	994	1019	1038	968	
652	660	684	715	1043	987	984	1010	
650	710	646	697	1034	1009	1011	995	
654	712	702	640	1041	965	1021	973	
689	648	672	692	1009	1005	984	995	
678	708	650	672	1010	977	1001	1005	
669	658	715	702	970	1018	1034	1028	
699	678	639	666	1019	983	971	975	
643	649	702	703	1005	1010	973	985	
698	667	654	636	1041	1006	992	1025	
684	687	679	713	985	994	980	985	
669	642	713	707	1040	985	983	1036	
683	707	690	705	976	996	1016	1021	
645	707	695	662	1032	996	1020	969	
678	646	692	638	1007	969	992	1038	
641	695	648	666	1020	1010	1008	989	
709	650	705	646	991	1009	1021	975	
704	689	694	639	979	1037	1005	1027	
663	712	657	713	991	998	1003	1025	
645	693	681	680	984	979	1017	1025	
659	713	649	699	1026	1029	972	974	
716	647	649	677	1041	999	979	1027	
666	715	692	656	1027	1022	966	1021	
681	689	713	650	977	976	1038	1011	
640	692	652	675	978	1029	1033	979	
661	692	700	653	1023	1027	1019	971	
652	683	692	710	1014	988	993	970	
667	648	670	706	978	1036	1015	1002	
687	638	699	692	978	980	1034	1029	
678	711	697	639	998	986	975	1003	
706	676	673	696	1033	978	1041	972	
687	671	649	711	1020	1018	1021	964	
704	660	715	693	973	1008	1028	991	
714	670	663	674	1010	1009	1043	996	
676	696	705	649	976	1030	1025	997	
652	672	710	659	976	1006	1026	1022	
711	697	658	712	1037	974	978	1027	
684	701	679	680	1018	1014	1004	999	
715	669	677	680	990	996	1042	993	
677	655	691	680	990	1023	967	1011	
653	681	651	694	971	992	1003	1023	
646	646	699	702	984	974	1038	1006	
674	706	660	643	1017	1020	971	995	
702	693	648	666	1033	973	983	1024	
682	668	695	654	971	1033	1002	1036	
701	699	646	679	985	1037	999	1035	
686	670	702	651	994	1022	1007	964	
690	669	645	708	1030	997	970	1032	
644	697	707	661	978	995	1011	1043	
657	687	648	716	972	999	976	999	
659	697	681	706	1004	994	1002	973	
670	675	671	664	984	1008	1037	1009	
716	669	640	648	1039	1007	966	970	
648	705	648	655	1035	989	982	967	
667	648	668	682	1005	1019	975	1037	
712	651	696	651	1010	1015	1030	973	
711	680	657	644	1025	1018	1008	990	
707	684	713	656	975	964	1039	1024	
650	682	700	710	987	1032	1036	974	
667	662	699	716	1001	1029	1021	973	
667	674	638	652	967	991	1042	1032	
643	695	661	636	979	1038	981	1034	
652	713	688	677	987	1038	1043	970	
637	708	698	662	1039	1010	993	976	
708	709	647	645	1005	968	970	1025	
679	646	692	716	1014	1021	966	1032	
675	658	666	716	1028	1003	1018	1015	
656	714	690	672	1027	965	1012	1033	
702	665	644	641	1033	1042	972	982	
642	689	652	639	1009	1020	988	1024	
669	660	641	694	1023	1012	1008	1039	
699	636	666	692	995	972	1022	982	
674	683	650	704	1010	992	988	965	
682	701	645	698	972	1030	1035	964	
678	689	676	710	1037	1002	992	985	
692	708	663	655	1025	985	975	1042	
687	658	693	650	966	1020	974	1040	
713	693	641	647	1011	1042	975	975	
671	679	678	684	984	990	1043	997	
665	641	645	692	969	981	990	1037	
713	691	641	713	1043	1020	990	1017	
711	641	676	685	999	1018	1040	1017	
651	708	709	660	972	978	1037	1032	
670	669	662	636	991	1029	968	976	
689	695	663	714	1010	968	1017	1029	
703	680	666	714	1032	1017	995	965	
663	640	693	695	1003	1039	1041	996	
693	652	669	708	993	1027	1009	985	
642	708	703	687	1004	1001	1006	1023	
704	697	687	659	982	988	966	994	
658	662	684	706	993	1011	983	1038	
647	683	680	697	1002	1030	1023	1040	
668	696	637	708	1016	1022	1023	1036	
683	704	691	683	968	1029	1006	1024	
716	649	701	677	1020	978	974	1020	
707	711	708	664	1042	972	1036	975	
706	648	697	676	980	1002	1039	984	
697	689	679	657	986	979	1019	964	
663	714	703	703	1006	1020	1021	1031	
640	716	670	661	999	988	1038	968	
690	693	703	648	1008	994	998	1023	
695	648	705	705	984	984	980	1029	
667	641	716	642	1035	979	1014	979	
642	675	702	709	987	970	1043	1011	
698	645	657	636	999	964	971	986	
636	639	699	697	997	1041	979	979	
669	640	670	702	978	1022	969	1039	
640	648	693	655	1019	969	1032	994	
667	646	681	659	1034	1027	967	998	
638	659	688	683	993	967	975	985	
639	689	691	694	1032	992	1007	974	
696	689	639	647	1000	1010	984	1016	
716	698	705	667	1036	1021	1002	1036	
690	686	709	654	1005	975	998	1018	
700	699	639	661	972	1017	1019	971	
670	636	692	684	1011	979	1007	1028	
670	678	700	710	1017	1032	986	995	
669	654	656	713	973	984	1014	967	
670	705	649	694	1030	1004	975	989	
636	636	698	715	1017	1035	1013	1042	
655	696	675	712	1034	1027	1042	1014	
636	698	647	660	994	1022	1024	966	
687	703	716	653	990	986	975	1041	
641	651	703	701	1011	996	1010	1031	
662	700	641	652	1034	1004	973	1029	
706	640	685	688	1017	978	987	991	
706	636	679	636	1033	1029	964	984	
643	677	712	647	1009	1020	1006	974	
667	697	670	641	1022	999	970	1035	
657	700	654	701	1037	1008	1037	977	
647	689	710	636	991	1025	981	978	
710	674	666	702	1034	1009	1009	977	
702	638	668	707	1018	971	1015	997	
665	700	641	643	992	965	1019	1010	
695	644	716	699	1015	1026	1019	965	
656	715	683	710	1006	993	975	999	
687	640	658	696	996	1010	1037	1043	
642	698	711	708	1000	975	1006	966	
653	649	714	710	1007	966	987	972	
693	681	652	639	974	964	1040	964	
643	688	695	694	1017	1025	992	1041	
711	680	644	706	1037	1019	994	967	
700	652	653	706	987	972	988	993	
681	650	706	673	996	992	982	1035	
646	642	706	685	1004	992	1016	969	
662	688	658	698	993	1005	1030	987	
671	662	715	638	997	1001	992	1001	
686	678	656	709	999	1031	974	1029	
656	645	671	691	1021	1032	1011	1015	
638	660	641	681	966	1029	1010	989	
636	689	652	668	973	985	1039	986	
669	690	673	678	1007	977	1008	1038	
664	653	679	699	1029	966	1020	1031	
700	652	637	708	1030	974	983	974	
674	705	662	673	1040	969	964	979	
688	699	656	636	1025	1039	992	1042	
705	660	639	653	1011	1043	980	985	
658	686	664	640	996	1035	986	1043	
714	637	683	656	1043	979	1040	1003	
637	713	682	696	965	1022	1007	982	
637	668	697	653	972	988	999	1022	
644	677	696	668	984	998	1035	1010	
716	680	698	680	982	1017	1018	981	
683	643	653	705	986	1041	1035	977	
707	662	663	637	982	1004	988	991	
693	699	708	659	1010	964	1017	993	
683	703	656	653	991	1020	1002	1004	
667	653	698	677	971	1025	1042	973	
695	663	672	694	973	994	1043	993	
691	658	706	638	1036	1031	985	999	
694	713	651	655	1033	1018	982	968	
639	678	640	665	1000	977	1030	968	
683	668	652	693	1020	984	995	970	
681	688	642	708	971	1006	1027	1014	
705	714	648	650	997	999	999	1028	
682	638	663	696	1006	1042	1028	984	
637	710	696	695	1037	992	1016	985	
712	699	704	648	1042	978	999	998	
691	691	640	708	1024	965	1014	969	
644	692	708	638	1011	995	992	992	
655	645	694	694	983	969	1010	1028	
658	675	638	684	987	1033	1019	973	
704	641	661	706	983	1020	1043	1009	
653	658	712	652	1007	994	984	1033	
656	651	662	655	972	998	973	988	
672	675	710	658	983	1007	966	1038	
643	642	665	638	1012	1029	979	981	
650	663	686	669	985	1010	1030	1017	
646	668	713	653	1002	1012	1039	968	
706	674	682	689	978	1016	970	965	
647	664	659	704	987	966	988	1042	
685	671	702	652	972	987	1018	971	
706	713	666	703	964	978	993	988	
638	656	705	701	1023	968	1007	1043	
661	667	711	651	1037	978	993	1029	
699	698	655	712	1016	996	968	965	
693	642	665	711	1011	1041	965	982	
644	713	673	697	1029	998	998	970	
660	694	685	645	1021	997	1035	971	
636	685	695	700	1022	1025	1034	1027	
684	656	651	710	1012	1013	1040	981	
694	665	671	639	1027	1013	969	1004	
686	713	649	706	1031	1004	995	964	
666	686	637	708	991	1042	1026	1037	
659	657	688	712	971	1036	1028	985	
690	691	642	686	985	1021	1038	976	
709	644	699	708	980	985	1007	1006	
707	673	646	658	1032	1006	967	1036	
653	691	709	683	1013	1033	970	983	
692	654	684	663	1039	979	1018	1023	
660	658	693	693	970	1008	1007	965	
692	669	646	636	1004	986	1008	1040	
679	666	702	708	996	1032	1020	965	
643	696	645	661	1030	1001	1010	979	
713	673	677	695	1028	987	998	1042	
703	690	685	678	979	986	1019	1038	
654	699	654	710	996	1020	980	1014	
674	678	672	706	1020	966	1028	967	
660	667	714	701	1013	964	1038	1015	
672	705	702	654	1004	1035	1029	972	
638	709	713	684	982	1038	1013	975	
692	675	712	710	1002	968	974	1013	
654	698	638	694	965	1030	1004	1014	
676	707	714	646	987	1010	1005	1043	
653	676	642	708	996	997	1039	1027	
693	647	691	687	1029	987	994	998	
638	648	716	638	1040	1015	968	976	
664	712	715	672	1008	987	1011	984	
659	705	652	653	998	965	1043	1019	
716	712	715	707	1024	970	1027	1040	
687	681	690	643	1016	990	1025	976	
714	675	669	661	985	1036	980	979	
662	672	709	643	987	1042	983	1006	
703	637	652	646	992	1015	1040	971	
670	684	670	677	987	1035	969	974	
680	664	714	662	973	974	992	1033	
687	680	698	700	1040	1023	1043	987	
662	673	642	711	1040	976	976	1031	
672	641	679	702	1004	1010	993	1013	
668	698	665	683	965	1023	1002	978	
702	671	698	639	986	1010	985	1043	
672	675	683	648	1036	964	1025	1008	
662	709	639	686	966	1004	986	1027	
694	668	639	714	1012	1032	973	984	
681	678	693	688	1010	998	972	1041	
642	691	683	682	999	971	1033	1003	
703	653	714	649	972	983	1019	1020	
694	664	645	684	1005	995	990	1020	
707	708	646	641	1023	1024	1042	976	
671	652	679	716	967	1020	1027	991	
672	664	706	709	988	975	1008	1028	
660	664	706	668	1034	1038	969	1038	
682	695	701	666	979	1029	1014	1040	
651	646	711	662	973	991	993	1040	
707	656	683	674	1039	974	990	1030	
637	640	662	713	1014	990	981	1031	
677	684	686	686	992	987	1004	1007	
679	689	713	697	1019	1004	966	967	
715	656	637	663	968	968	1040	999	
641	709	668	689	985	1031	1004	966	
708	707	636	672	1018	1003	985	994	
669	696	696	714	970	1032	1034	967	
691	637	674	670	1035	970	1030	975	
709	677	654	709	1023	974	965	990	
688	716	661	665	1026	1001	976	974	
697	704	637	640	992	1039	979	1010	
648	697	649	709	1024	1030	1031	966	
645	686	698	680	1005	1039	996	987	
645	671	713	700	967	975	1041	1027	
699	708	708	651	999	1030	993	964	
700	647	636	667	1008	1031	1006	980	
678	646	706	667	973	1029	1028	1026	
676	658	710	707	1037	975	993	1034	
714	641	641	663	1023	973	1033	1009	
702	684	688	657	975	1030	1040	1009	
696	636	644	668	1022	969	1023	1041	
706	680	682	656	1019	1011	1017	966	
652	684	656	663	1015	997	1040	975	
669	664	646	706	1005	1004	983	1036	
647	666	645	700	1003	1008	989	1040	
705	705	704	654	971	1014	1025	1038	
668	690	706	636	996	981	1023	1033	
694	693	636	641	977	967	1026	1034	
660	676	716	716	1014	1033	976	976	
712	702	681	643	996	986	1008	1042	
646	645	673	705	990	1031	1012	972	
676	708	682	652	1036	1020	966	973	
677	704	678	642	1043	968	986	1043	
643	715	679	647	976	1039	1013	1007	
712	662	654	701	1008	1033	998	968	
682	700	652	713	987	1039	980	1015	
697	692	695	670	1041	1004	982	1043	
701	695	683	644	979	1024	981	1031	
650	661	702	637	1023	998	972	1038	
691	706	650	660	981	1023	979	1000	
703	667	639	661	1025	1007	1013	981	
708	692	683	644	1039	1027	978	987	
674	693	651	640	1037	983	1038	965	
670	656	699	642	978	969	1030	1003	
680	706	702	653	987	968	1038	1022	
689	685	661	664	980	1014	1024	970	
714	654	711	655	1021	980	1016	966	
651	650	705	702	1018	1022	984	1005	
680	642	697	700	1032	971	1019	984	
704	707	648	643	977	1039	1021	981	
656	706	665	715	987	991	1036	1041	
678	677	644	710	970	994	1012	1025	
681	670	663	652	1022	1026	966	968	
715	660	650	708	977	967	1017	1022	
698	637	713	646	1036	964	984	1031	
683	692	653	689	1028	1010	983	1028	
697	639	663	715	989	1000	1036	985	
680	668	693	661	1043	1021	974	1003	
705	709	645	676	1017	1032	1023	969	
687	688	693	640	998	989	1005	1014	
658	702	681	654	1038	1042	965	986	
657	652	705	645	979	988	1034	1007	
667	666	700	654	1019	990	984	1020	
666	714	651	689	966	1036	1006	1040	
673	659	680	643	979	998	1006	1037	
701	659	646	654	1028	990	985	1013	
663	677	714	685	1029	992	1041	980	
706	637	701	683	1034	999	1042	985	
686	675	680	705	987	1040	983	1025	
654	666	641	688	1029	1000	994	964	
636	702	653	705	1033	1000	1039	996	
652	693	667	701	1008	1012	977	1034	
707	687	646	686	1041	991	1032	989	
662	709	700	710	1024	1028	970	965	
642	655	693	693	1032	992	964	1043	
669	642	673	640	1018	966	980	1026	
670	705	638	704	1023	1033	986	973	
640	701	698	643	972	1043	1041	1031	
650	677	641	704	989	1018	980	995	
697	648	658	690	987	1042	982	1028	
710	645	696	641	1043	983	984	999	
675	677	698	692	1001	1030	1039	987	
656	691	695	674	1027	1023	984	991	
652	654	688	689	965	1032	1027	1021	
655	694	703	669	969	1024	1024	985	
700	684	646	654	1010	1043	1010	969	
701	660	701	715	1012	984	1035	1038	
669	672	672	644	997	985	979	1024	
704	682	661	712	1011	994	998	1042	
710	645	638	690	1005	1033	973	1032	
656	680	693	712	965	965	1014	1040	
680	686	645	687	986	1040	981	1006	
687	689	702	695	991	1004	990	973	
694	696	661	637	995	965	985	1042	
669	658	716	653	1018	990	977	965	
674	700	712	645	1017	1027	1025	972	
702	693	648	668	1034	966	1021	984	
659	691	687	679	976	1003	1034	986	
708	660	645	699	997	1016	986	1006	
694	653	686	702	1005	976	968	1040	
641	659	716	665	971	973	1036	1036	
660	695	682	658	1030	1004	981	1041	
670	708	662	684	1026	1035	970	994	
715	692	703	639	1017	993	984	1039	
644	705	647	670	967	975	1038	1014	
655	674	669	654	968	1035	997	969	
699	649	654	713	1036	1017	977	1026	
667	638	657	657	1013	971	1017	983	
