L1	L2	L3	L4	R1	R2	R3	R4	
642	694	695	674	966	1010	981	999	
707	667	652	680	1000	980	970	1035	
675	703	655	698	1019	980	1021	1025	
694	636	701	648	1020	1016	985	989	
680	698	714	643	968	1014	1003	1032	
700	663	704	668	1027	1000	1036	974	
676	657	696	639	1026	999	994	973	
659	657	675	712	1011	974	968	966	
663	704	714	706	1029	978	1035	1038	
696	706	664	640	969	1038	970	1002	
706	690	646	675	1014	1025	981	1042	
648	683	660	646	1020	1030	1041	1002	
651	648	692	713	996	1018	989	1029	
645	686	701	683	976	1028	984	1000	
641	663	690	696	1002	968	984	1035	
668	646	669	678	988	994	1008	988	
652	650	696	660	982	976	1015	967	
715	705	701	647	980	1040	986	997	
709	650	701	645	984	1041	999	973	
695	686	636	685	985	999	991	1005	
694	682	684	638	965	1004	1020	1006	
711	642	667	699	1012	1013	1037	966	
641	657	671	705	995	1014	994	995	
704	653	715	644	969	980	1039	1004	
679	659	659	702	986	968	1031	1042	
642	712	660	648	1034	1036	978	1028	
659	682	715	648	1012	1025	973	981	
673	641	713	705	1020	980	992	1019	
639	662	713	668	1022	1009	1021	998	
647	682	693	653	1026	1009	976	968	
651	704	697	676	1040	971	1002	983	
663	687	695	671	992	1039	987	1035	
639	682	673	714	983	1033	968	972	
670	678	636	711	994	992	981	1031	
715	662	693	638	1026	966	1030	968	
653	636	679	711	975	1040	1000	1029	
700	646	674	707	984	983	993	1010	
711	641	672	648	976	1006	973	988	
708	674	658	656	976	967	1021	979	
674	696	669	657	1009	1040	1040	995	
655	667	700	651	1015	1001	1043	1013	
691	690	656	693	988	1024	1035	975	
684	650	703	662	1017	1038	1034	999	
709	709	706	648	979	983	969	1042	
710	656	651	673	985	982	1022	1033	
662	640	705	690	964	1017	978	1016	
646	667	657	710	983	969	1037	1043	
645	714	657	640	972	981	1008	969	
685	714	666	640	964	1033	1005	971	
640	664	716	712	981	1024	1028	1002	
663	671	711	704	1022	1036	1016	1006	
670	648	655	643	1032	1015	1016	964	
666	659	708	637	1001	1013	1041	1019	
662	679	693	664	995	970	991	1034	
637	711	660	674	990	964	982	1041	
655	715	682	644	964	995	1002	981	
700	703	673	648	986	1042	968	970	
639	703	679	684	1030	975	977	1033	
676	705	675	704	1013	1009	1013	970	
689	680	697	685	986	998	986	1043	
651	661	658	685	997	1020	964	1006	
693	666	650	638	964	1009	1010	1031	
694	712	681	666	964	991	981	1011	
707	651	664	705	1009	967	974	1037	
710	698	656	647	992	966	1013	1007	
672	667	654	698	976	1042	975	984	
671	714	659	713	973	1024	1005	980	
682	673	700	681	978	994	990	1029	
715	685	704	655	1000	1034	1024	971	
658	670	678	716	1019	974	1027	994	
659	658	683	705	1029	964	1012	1022	
705	665	706	654	982	976	1028	985	
650	694	714	696	1026	1007	989	1027	
704	686	693	638	1043	990	1035	1014	
702	647	677	653	1006	1024	992	1008	
693	662	705	678	1035	1043	998	1043	
705	664	651	638	988	985	973	1041	
685	679	641	655	998	1028	973	1023	
694	700	709	645	1033	988	1029	967	
668	703	685	643	974	965	996	1018	
685	701	678	640	1007	1026	1031	974	
700	639	661	636	969	1016	974	1037	
716	684	641	692	1004	1014	1033	982	
644	687	678	645	1021	999	987	996	
682	701	698	646	1021	1037	967	1007	
669	663	660	636	1035	1002	976	994	
687	687	709	677	1014	983	981	1037	
672	660	685	698	1011	1015	1019	979	
645	691	664	704	972	1035	1042	1000	
639	680	670	652	974	1040	1009	1002	
677	663	714	646	1008	981	982	1042	
693	708	658	692	972	994	1043	970	
707	659	642	697	1016	1043	964	999	
649	699	647	697	1014	1004	988	1036	
654	688	675	651	966	1006	968	1021	
692	652	695	678	981	1014	969	1043	
716	683	646	680	984	987	999	991	
714	645	682	677	1002	996	981	984	
709	671	714	659	1006	1011	1024	964	
648	707	698	641	1022	968	989	985	
706	706	641	657	1007	971	1021	1027	
699	666	705	643	991	971	970	1018	
673	653	714	712	980	989	1031	979	
647	709	682	658	999	1042	983	1041	
712	675	708	652	1008	992	1014	972	
695	663	715	642	966	1006	972	1036	
678	648	639	706	1021	1032	1040	972	
651	668	712	697	1003	1024	977	1015	
711	698	696	640	1024	1026	969	981	
686	669	688	637	1015	1040	1014	989	
650	659	710	646	991	1031	974	1021	
642	640	671	698	1002	1043	1015	981	
636	653	679	712	998	975	1040	1018	
674	669	716	670	1030	972	997	979	
668	644	669	638	991	1018	1014	1009	
710	665	648	664	1009	987	970	1029	
679	647	654	693	1007	1035	996	1031	
672	638	637	691	997	1023	1003	1022	
640	669	650	652	1014	1003	973	1036	
707	674	716	679	1026	981	990	1027	
699	695	690	637	964	1013	1022	1039	
656	647	716	677	1020	1041	976	1012	
653	649	697	701	977	1026	1016	964	
707	659	709	698	975	967	1030	1008	
642	666	651	687	969	991	1026	1017	
690	715	655	661	1037	974	1011	976	
664	689	648	687	986	1012	987	1001	
654	675	666	684	1003	1012	1035	981	
672	691	640	715	998	1034	991	1037	
643	642	665	678	981	1031	989	1021	
695	709	679	675	977	1027	1002	1018	
642	687	713	658	994	967	1004	1006	
647	712	697	641	1008	1010	1038	970	
711	654	641	705	1032	1002	1043	969	
670	667	701	706	978	1039	976	997	
651	668	636	716	1035	1005	1022	974	
641	683	670	682	969	1002	1030	976	
672	654	707	659	965	1016	973	1026	
716	654	659	716	1029	984	970	1023	
684	680	645	713	1023	971	1004	1032	
649	670	679	708	1017	969	1022	967	
676	660	715	644	970	1032	1024	1008	
710	706	693	676	1031	998	1032	971	
663	641	642	662	1014	966	964	976	
714	666	663	643	981	1014	965	1025	
706	643	664	698	1002	1011	988	1023	
665	645	639	706	1020	1010	1036	968	
710	646	655	707	966	971	1020	999	
672	647	710	637	1011	1028	1001	982	
656	688	696	709	983	975	1021	1036	
653	711	659	655	972	1041	984	1003	
653	714	672	683	1035	972	1025	1040	
640	682	694	669	1005	1042	987	1028	
636	689	639	687	1041	983	996	967	
699	636	649	648	965	982	1042	1037	
638	691	702	695	1025	1035	1012	975	
647	713	672	640	969	1033	1043	981	
674	690	715	640	1028	992	972	985	
665	637	672	710	987	1038	1006	1007	
644	680	675	716	995	993	1033	995	
706	676	698	650	977	1043	1014	1015	
691	674	703	645	1018	1024	997	1042	
642	647	678	679	1037	988	1041	974	
708	674	658	646	978	998	1040	969	
689	715	686	645	1008	978	1038	1034	
685	649	651	710	976	1010	1027	974	
693	692	668	643	1041	972	965	968	
670	710	652	702	981	975	1027	1042	
706	664	713	641	981	1002	1027	1010	
644	637	711	710	1038	1036	987	988	
647	710	660	675	980	981	1019	967	
665	698	637	656	982	1022	1005	1037	
649	683	712	678	994	1037	1004	1030	
655	687	691	685	975	1005	1030	968	
687	643	706	678	1017	967	975	1041	
664	659	710	678	991	985	1007	986	
694	693	677	666	1014	1034	993	966	
678	648	660	698	1026	1012	1006	991	
650	706	705	681	1042	983	995	974	
655	645	654	697	1030	970	1012	980	
659	693	716	643	1023	965	1028	1022	
711	638	713	709	1018	994	1037	973	
714	692	651	646	966	970	973	1019	
684	702	697	639	1043	1017	964	1042	
681	699	675	713	1037	976	972	1043	
677	643	637	694	1040	989	1007	988	
687	708	636	646	995	1043	1036	1030	
715	659	711	637	1030	1034	997	1010	
695	685	708	698	1043	1038	972	1034	
650	686	705	687	980	996	1033	1026	
676	692	641	681	1002	996	981	1012	
666	684	704	684	1042	973	1017	1009	
708	651	672	643	1030	976	1041	969	
689	661	673	714	1019	1024	977	1038	
697	684	647	700	969	1016	1005	977	
651	680	708	660	1040	989	967	986	
681	651	653	713	1014	976	1037	998	
708	654	671	710	981	1040	974	1041	
670	713	651	689	1034	973	1033	1027	
648	702	654	679	1035	966	1018	1007	
709	648	655	658	995	1007	974	1031	
642	641	715	643	1000	1037	993	990	
671	695	680	690	990	1013	984	1043	
701	639	702	647	980	966	995	989	
679	652	672	698	999	1038	968	1039	
715	641	697	664	1023	996	1029	970	
636	696	668	639	965	1031	1002	1034	
675	673	679	699	1025	999	983	1002	
640	660	690	647	1039	964	989	974	
674	671	638	708	993	974	983	1036	
695	683	700	647	995	1006	973	1023	
638	706	689	705	1027	1036	983	1034	
639	643	671	716	983	1011	1027	1043	
656	646	649	694	1003	988	1031	1042	
710	712	638	710	1010	994	1040	987	
649	664	679	689	1020	996	966	1038	
660	678	698	680	1001	986	1029	965	
645	641	651	716	1025	1007	964	985	
654	713	697	685	970	986	1023	1041	
670	644	687	716	998	1011	997	1043	
654	684	636	687	979	972	1015	1039	
683	673	682	716	1022	1000	1011	993	
705	646	688	702	988	991	1041	992	
655	663	684	674	988	1038	1016	978	
707	647	645	686	975	1032	1030	967	
676	653	698	646	1031	986	1015	1026	
659	680	697	645	1023	1043	1020	1038	
639	684	690	702	998	970	1021	989	
696	641	688	675	1012	995	988	1014	
689	659	657	712	983	992	988	1017	
698	640	686	676	1017	991	1033	967	
636	638	678	682	1025	1021	973	977	
685	710	672	663	1018	989	1024	982	
644	642	674	679	1035	1017	984	966	
650	700	687	679	980	982	1034	999	
660	637	682	706	1011	997	984	972	
678	650	652	701	999	980	992	977	
703	658	703	675	989	1042	1014	1039	
667	692	686	648	1031	1004	1027	968	
649	715	663	710	1031	999	1032	974	
689	650	712	695	1043	964	1015	977	
681	695	656	694	974	996	1018	1041	
651	647	716	646	1033	992	984	967	
670	662	660	689	986	967	977	1039	
666	660	654	716	964	1024	1036	970	
638	675	669	701	999	1039	976	979	
671	709	653	659	1002	1021	1008	981	
686	711	643	681	1007	1020	984	979	
701	682	702	690	1008	989	1037	982	
672	715	671	666	1021	966	964	1024	
643	659	715	637	1014	1010	1001	986	
655	677	713	703	970	967	964	1038	
707	700	655	698	1023	985	1017	1042	
699	675	705	666	999	1005	1028	1037	
671	704	642	658	1024	972	1009	1040	
677	650	706	687	1041	972	997	1014	
640	716	636	652	965	1017	978	1038	
679	667	714	666	1038	990	998	1021	
693	697	637	711	1020	985	989	975	
667	668	706	708	1032	977	999	975	
659	675	714	697	989	991	995	1013	
683	636	694	637	1027	983	1029	970	
646	716	650	704	1032	1021	983	964	
711	675	704	656	1011	1022	1035	977	
698	671	659	646	970	968	1013	1037	
673	647	694	647	1009	992	989	1000	
678	644	649	669	983	969	1013	1006	
692	642	677	645	1002	996	1038	1017	
670	645	640	714	980	984	1023	1037	
677	642	657	702	1025	982	967	970	
643	640	706	688	988	1003	1019	1032	
670	675	638	674	1008	1036	1008	973	
652	652	695	711	970	964	995	993	
704	695	691	646	967	1002	978	998	
669	713	687	647	1034	994	986	966	
704	703	685	705	1000	1014	987	1028	
710	661	691	704	1003	964	1015	1043	
684	707	696	638	1036	981	1017	973	
657	686	651	685	992	966	1016	1002	
706	640	669	712	985	984	1024	1039	
647	676	643	701	1006	1023	1015	983	
637	658	688	713	1005	984	983	972	
656	670	652	701	975	986	988	1022	
716	700	713	661	1019	975	1010	997	
711	693	639	665	1037	1001	964	996	
702	685	637	649	1033	1021	995	985	
699	639	707	703	981	1026	974	964	
706	662	702	645	1042	990	977	990	
699	665	705	684	984	997	1035	1040	
645	687	638	676	1000	974	1016	983	
667	699	652	712	966	1012	969	1039	
702	672	681	714	1000	1043	978	985	
683	653	704	654	989	998	1009	1030	
699	702	638	646	1027	993	975	987	
660	653	641	650	1040	991	978	1015	
697	699	663	643	972	998	975	1031	
691	645	706	684	1017	1024	973	966	
677	689	648	648	1005	1028	1022	997	
677	640	647	705	1010	1035	986	969	
706	715	655	675	977	1029	1040	1027	
670	694	683	679	1037	1023	1001	1020	
638	716	706	636	988	1029	979	980	
648	696	643	650	1032	1016	1035	978	
672	676	661	705	995	964	1027	1028	
648	684	652	716	991	1003	993	1011	
645	661	651	700	1039	979	1019	992	
672	694	705	647	976	980	1036	1033	
650	693	707	667	1028	975	981	1043	
658	696	695	670	1011	1016	1043	983	
680	692	647	711	1002	1003	1006	1035	
660	657	712	652	1006	1018	1032	967	
715	676	666	656	1006	1037	984	1043	
656	715	654	712	1006	977	1042	990	
654	645	700	704	999	991	994	1026	
666	636	708	697	1019	1033	990	1025	
692	713	646	710	1035	977	1035	988	
677	662	650	715	981	979	1039	1025	
637	706	708	652	1010	985	993	999	
644	649	713	687	992	1028	981	1035	
689	653	659	713	1025	999	1025	1042	
637	672	705	674	970	985	992	1039	
639	702	697	639	983	1002	1036	983	
714	692	689	673	1012	991	1043	984	
671	656	707	713	1008	1021	1033	1041	
683	656	649	698	1014	1033	1020	967	
697	700	689	673	1025	1006	1038	1011	
693	688	707	660	1030	1008	966	995	
644	698	653	678	1002	986	1022	981	
659	656	714	686	977	994	1043	987	
682	649	705	707	1021	1013	1002	973	
681	669	667	636	985	964	1041	988	
694	648	705	655	1004	986	972	1031	
651	642	666	687	969	993	1021	1009	
653	711	700	694	1020	968	970	1034	
662	659	652	716	1010	1001	968	1038	
698	659	684	711	1040	985	1023	977	
642	649	709	695	1005	1032	975	1037	
709	706	645	697	972	1042	987	998	
705	679	644	708	1001	996	969	1032	
709	696	700	642	1003	990	1015	1006	
667	708	714	660	969	1023	1013	1008	
716	642	672	649	968	1002	979	1007	
705	680	676	652	983	1042	1027	1043	
690	668	651	693	969	1036	987	1023	
685	706	638	658	1036	1020	968	971	
706	671	678	663	1014	1006	1042	985	
703	637	642	661	969	978	1034	1012	
670	661	659	700	977	1016	964	1027	
712	709	641	642	1039	993	1020	965	
638	700	638	703	994	973	995	1031	
666	640	681	699	988	1039	1011	988	
657	650	683	639	990	1006	981	984	
669	646	711	647	1034	973	977	964	
650	687	715	703	1029	991	996	1040	
647	668	682	690	987	1001	1031	973	
663	690	678	649	1042	979	1019	1006	
636	684	652	662	1043	1029	1009	969	
656	674	667	714	1025	965	1014	1031	
653	714	679	674	1020	999	1005	1004	
682	657	716	650	1020	1019	982	1024	
704	653	664	711	999	1006	1037	997	
673	710	657	688	1027	968	973	1026	
642	715	675	661	970	968	971	1033	
648	662	708	708	979	1037	1023	1017	
669	709	694	654	1035	1013	978	975	
641	637	692	700	993	1043	1026	997	
658	677	716	687	1038	1015	971	1005	
704	647	677	710	967	972	982	1022	
650	709	692	702	966	966	1001	1027	
715	649	658	716	981	985	964	980	
682	684	689	654	1009	971	1013	1043	
715	689	647	656	1032	983	991	1013	
660	711	691	653	1032	967	1009	984	
651	683	690	713	977	984	982	1027	
689	688	688	637	994	1034	975	1027	
640	668	640	706	997	981	1039	994	
697	692	644	664	1016	1040	992	975	
656	703	706	644	1019	988	965	1038	
686	637	653	683	964	997	1023	1040	
694	705	640	679	971	1009	1027	1015	
704	660	675	653	1019	1024	1030	967	
655	678	714	715	1023	1024	973	1014	
712	668	696	677	1020	965	1010	994	
645	706	661	705	999	993	995	1035	
704	698	651	698	996	983	1009	1008	
700	640	649	661	990	975	970	1004	
709	682	645	650	1007	982	965	1032	
702	682	642	698	1023	979	1010	1034	
711	714	704	644	1030	1024	977	979	
646	709	696	689	1031	973	1000	1010	
655	665	698	700	994	1001	969	1017	
699	710	662	715	994	1014	1034	1022	
646	713	655	700	1027	986	993	976	
713	678	666	637	1021	975	980	1016	
647	651	651	703	976	984	1016	999	
674	667	644	642	999	993	1013	1004	
684	642	699	708	1032	999	985	1029	
654	706	696	637	1023	967	1034	1011	
639	690	652	669	973	999	985	1035	
658	704	688	704	968	980	1016	974	
699	642	642	696	1024	972	1004	965	
665	689	706	710	1010	1026	969	1036	
692	646	671	716	1029	965	977	1030	
704	648	658	709	969	1018	1025	973	
694	644	637	639	980	1002	1038	1015	
709	678	643	693	980	1033	1028	971	
699	663	681	638	981	1021	1000	1037	
672	678	666	694	965	994	999	1030	
705	684	646	699	990	977	975	985	
688	692	638	660	1028	999	986	988	
666	689	651	709	998	1019	1022	972	
645	683	692	709	988	1038	968	982	
711	693	651	641	980	1009	996	1008	
676	655	688	709	1020	975	1039	996	
690	656	645	698	1029	1037	1002	969	
636	669	654	715	1024	970	986	975	
710	680	681	641	1020	1043	995	1020	
648	658	656	704	1007	965	1033	983	
691	641	640	702	983	1036	1043	985	
682	651	668	702	972	982	1043	1039	
657	641	684	715	976	1040	1026	1014	
713	708	665	705	976	1009	1030	986	
687	640	642	701	995	1032	1034	982	
642	648	716	700	974	1003	998	1034	
641	654	648	675	974	1011	974	1040	
695	647	642	693	1023	1031	982	965	
680	709	643	706	1022	971	1026	1010	
641	672	710	658	1042	1015	1003	975	
712	651	680	670	1021	984	1023	965	
644	655	688	655	979	990	1018	970	
700	713	657	707	1014	989	1040	967	
711	676	657	715	1037	979	1041	991	
662	709	709	651	986	1027	992	1031	
675	650	676	637	987	985	1022	966	
655	699	669	713	1024	1025	1042	972	
674	664	679	657	1032	967	984	974	
663	695	648	636	1015	1000	987	1024	
689	702	660	680	1017	980	990	1043	
712	666	654	641	988	974	1025	1043	
659	650	679	653	995	1000	1039	1038	
671	693	638	695	966	1033	994	981	
700	639	644	712	987	972	1043	1018	
655	654	645	696	1002	987	1022	994	
660	707	668	639	1042	1042	967	1043	
714	681	679	669	974	1030	1036	1033	
646	693	680	697	968	1018	1041	990	
701	641	643	642	973	1032	1015	1036	
662	656	674	704	1034	984	965	1029	
680	710	645	678	975	967	1004	982	
684	660	687	715	988	1042	969	986	
652	688	713	660	1018	1004	1030	1006	
639	640	670	692	975	968	1039	997	
638	709	707	658	1025	965	969	1037	
656	714	689	636	984	983	1033	1019	
690	698	699	703	977	1010	1002	979	
642	657	680	696	1000	1014	975	1008	
702	684	654	680	984	1024	982	971	
663	700	658	714	1014	1040	969	993	
689	666	646	647	983	1038	1041	975	
673	641	648	686	1037	994	989	1043	
643	675	694	643	1022	992	1001	1016	
653	636	671	688	1027	982	971	1011	
712	657	660	678	976	971	1041	992	
647	668	640	662	980	969	1019	1043	
708	645	660	646	964	1037	965	1032	
646	711	711	638	972	1024	1023	1023	
698	706	654	710	1012	974	1037	1043	
698	663	660	685	1002	1024	974	1004	
715	681	656	690	1005	968	1020	1012	
661	715	676	679	979	970	1028	1027	
707	650	702	672	964	1039	978	978	
698	660	687	637	1018	994	1013	991	
706	651	651	667	984	965	1004	1012	
663	687	667	714	975	1027	974	989	
648	712	701	663	1003	1003	983	1008	
636	651	698	668	974	1043	1012	977	
669	636	705	643	1036	1036	994	1015	
662	675	658	712	983	1023	1043	977	
696	688	699	641	1032	1035	1033	972	
665	705	674	710	1027	1037	988	988	
700	695	655	669	982	993	988	966	
698	704	676	647	1002	1032	977	992	
716	641	665	715	982	972	1023	964	
666	654	643	710	997	1032	987	1014	
646	700	685	669	1018	1008	968	1041	
679	636	695	649	1017	969	1005	1004	
694	709	647	687	1041	1032	980	969	
704	689	649	654	981	994	1041	966	
640	660	711	667	979	1042	973	1014	
695	658	652	712	1013	996	981	1001	
699	673	716	687	1011	983	1008	1036	
686	658	715	703	975	1023	998	968	
702	656	662	679	1026	999	971	1040	
666	653	706	714	1026	991	1007	1004	
645	674	715	673	1001	1027	1037	1009	
641	703	709	674	1008	999	1029	985	
653	712	666	660	1012	971	1038	1019	
712	640	693	701	1030	969	1000	1039	
654	709	678	685	1006	969	983	1038	
671	640	690	692	987	1023	1032	968	
691	648	689	645	1026	985	966	1024	
676	678	684	698	999	965	972	1010	
647	701	663	640	984	1040	973	991	
663	638	706	704	991	1043	971	1043	
679	687	700	637	997	1011	993	986	
650	705	692	714	964	996	1037	1030	
704	651	699	709	975	1023	1007	969	
650	688	683	645	993	1043	1001	1033	
674	702	683	686	1034	985	998	988	
642	689	639	691	970	1032	964	1033	
713	689	638	688	1003	1032	1001	971	
656	696	716	702	1031	1002	1033	1019	
694	656	672	659	1022	965	1006	969	
704	636	638	693	1022	969	1042	999	
675	667	657	666	1039	1019	974	977	
692	669	681	716	1027	1034	992	986	
678	690	672	641	994	1019	977	968	
657	680	665	703	984	1011	1042	965	
679	659	699	663	996	1020	974	966	
660	659	710	715	989	1024	997	973	
651	664	638	710	988	1043	984	976	
680	666	716	705	966	1021	987	985	
700	708	669	644	995	1023	984	1037	
646	646	714	678	1007	994	995	1043	
693	653	678	646	983	983	1037	1039	
638	681	641	667	1030	1036	1016	970	
712	654	712	637	1010	1003	973	1031	
677	714	648	641	969	1042	1015	987	
716	691	712	653	987	1004	1033	964	
657	674	647	699	1017	968	1032	1010	
644	652	658	710	997	1004	1020	986	
683	715	670	656	1003	978	1000	1030	
688	669	700	654	1015	1010	1003	1040	
655	706	697	638	1024	981	988	984	
692	667	715	649	977	982	1034	1040	
657	706	670	636	993	1008	971	1024	
683	676	709	636	1010	1025	972	1041	
667	710	678	647	973	1024	1037	968	
690	688	646	648	972	1035	982	983	
715	655	639	658	984	1035	1041	985	
695	646	663	680	997	988	982	1043	
690	641	716	664	1039	979	985	964	
695	666	684	701	1028	1024	1020	994	
663	685	649	716	1001	973	1030	998	
689	636	668	696	969	994	1038	1024	
640	659	644	689	1029	974	1018	989	
692	682	683	712	1030	1027	1026	965	
703	714	649	658	980	986	964	1041	
696	698	649	695	1016	1008	1039	987	
716	668	653	679	1034	979	964	1034	
648	706	710	661	1030	985	1043	1022	
636	685	651	651	966	1024	1011	973	
660	701	700	688	978	1002	990	1020	
675	666	648	646	965	985	994	1018	
701	687	641	648	993	1000	984	1034	
663	707	652	677	1006	980	1018	1011	
713	659	694	640	1015	978	1022	1041	
708	695	714	646	970	994	1033	1002	
709	651	674	647	1001	1021	969	1017	
645	691	716	647	1016	1030	990	988	
697	673	652	640	1038	996	1031	1025	
666	646	697	681	1027	1010	983	1008	
675	653	715	653	987	981	1020	1032	
684	652	711	645	973	967	1017	1026	
673	668	663	686	994	973	1008	1009	
684	640	692	693	1003	1003	1017	991	
637	664	708	666	1014	968	984	1043	
654	690	671	713	1038	982	1007	968	
686	676	650	683	999	1039	975	1033	
648	713	643	637	991	975	1036	1027	
694	678	657	697	966	1018	974	983	
701	677	694	649	1027	1033	964	989	
705	651	674	661	979	1029	1007	1026	
650	653	638	701	1031	964	966	979	
698	638	698	712	975	1004	1023	981	
638	703	701	708	977	1018	999	990	
660	667	647	638	1013	971	1022	1025	
687	716	685	643	988	984	1000	1000	
660	685	690	676	1019	976	1017	991	
685	710	654	636	1037	965	1027	994	
674	694	643	681	975	967	1014	1033	
657	709	645	638	1032	992	992	1032	
684	700	647	679	1038	1007	977	994	
693	655	715	648	1036	1040	970	986	
686	703	637	691	992	1027	1035	1041	
676	650	701	648	980	987	981	967	
678	664	643	702	982	975	1003	1024	
644	655	677	705	1021	964	983	1028	
667	660	679	699	968	986	1017	967	
687	640	656	705	1018	979	986	1037	
654	689	705	715	1012	1020	979	965	
662	687	660	695	964	1039	1032	975	
693	648	651	709	989	1004	982	984	
680	698	666	647	1028	1021	1015	972	
646	680	706	699	1005	965	1009	1020	
668	657	703	709	1011	993	997	965	
679	714	655	699	1016	989	994	972	
660	707	662	691	1026	971	1014	1017	
674	657	671	650	1000	1033	1017	980	
651	698	640	663	1005	995	1035	990	
706	651	642	689	995	1019	1041	995	
660	644	716	711	1031	1025	972	1028	
702	696	669	665	1032	970	989	1007	
716	669	653	697	969	966	1025	1017	
691	691	653	713	1011	1023	989	999	
657	655	660	687	997	972	1036	1027	
675	648	716	652	995	974	964	1019	
665	640	644	702	986	975	1012	1037	
699	646	698	636	1032	1000	1038	973	
692	716	664	660	979	984	1037	1025	
691	652	715	648	970	973	1040	1041	
715	652	704	665	967	1035	1021	988	
664	690	660	694	1013	972	970	1041	
646	706	679	692	972	1023	1030	1023	
652	681	643	694	975	1014	1043	1023	
707	708	648	668	1004	968	992	1039	
669	666	684	650	1025	1042	986	1006	
701	640	680	708	1037	1023	991	970	
712	697	696	665	1017	1007	966	1026	
714	667	648	678	971	1030	1023	1006	
673	647	696	709	978	986	1033	1009	
687	645	687	660	978	1028	1030	1016	
671	691	691	641	978	984	1027	1019	
664	669	714	708	1002	1042	1001	1005	
641	712	637	692	986	997	1009	1026	
648	699	669	693	1018	1042	987	1007	
675	698	644	644	1022	1024	990	970	
636	714	694	666	974	981	996	1042	
682	670	691	638	983	974	1037	1039	
665	687	642	696	973	1005	1030	1033	
671	663	684	712	1013	1014	1043	966	
689	710	669	672	1027	1012	978	1042	
698	676	641	671	1035	990	977	981	
693	713	649	643	964	1015	1000	984	
687	652	679	665	1041	1016	1016	970	
708	699	650	668	972	1042	982	1035	
709	637	654	712	998	972	989	964	
709	678	662	656	984	997	1031	1013	
678	655	656	709	1031	1003	977	967	
642	664	651	716	1025	973	1043	1029	
657	659	671	653	992	1029	980	1043	
673	689	655	707	1041	982	968	1028	
636	696	679	655	986	1026	969	974	
657	679	670	643	977	976	965	1027	
686	638	639	701	1020	999	964	1016	
663	709	643	709	1022	979	995	969	
711	712	659	655	1024	1016	986	1024	
646	709	682	675	969	988	1020	1020	
644	646	711	695	982	1029	1027	979	
712	664	670	649	1012	989	1015	964	
663	693	669	701	1042	1013	973	1017	
642	715	709	671	992	977	969	1031	
670	685	715	640	999	990	996	1023	
666	643	636	680	981	980	1035	968	
680	705	710	649	986	996	1016	1040	
712	683	693	695	980	1038	1037	1000	
657	653	654	641	1018	986	986	1043	
694	647	640	679	984	1003	996	1021	
708	655	653	712	986	996	1001	1034	
656	666	694	647	969	987	1013	1041	
677	699	649	640	983	966	1031	1031	
708	680	636	664	993	1015	969	1039	
687	660	696	707	1006	1036	973	969	
692	686	715	690	1027	966	1022	972	
656	702	656	690	1004	981	976	1029	
677	646	704	648	1010	994	1010	1024	
682	646	716	699	1004	1037	998	964	
649	658	686	702	1023	967	992	1028	
666	651	716	639	1023	1032	971	1028	
677	711	636	696	976	992	1039	1002	
694	692	654	643	1039	982	1035	993	
682	653	677	663	1027	1025	1005	964	
692	675	656	712	1022	976	1033	1024	
641	711	687	671	986	1011	974	1000	
668	705	649	636	1039	1038	970	971	
705	691	679	690	974	1015	1018	1013	
639	636	706	715	983	984	1042	1020	
639	683	657	647	982	1016	1034	1034	
663	636	709	662	967	1011	1022	982	
701	651	671	642	1017	997	975	1002	
651	680	636	691	1018	1002	983	970	
658	674	681	710	964	1043	988	975	
665	705	693	701	976	1016	1018	1029	
703	661	670	685	976	978	1023	966	
653	669	681	656	984	1023	1024	985	
653	703	636	703	1001	1029	1007	1028	
642	657	695	661	1011	974	1001	1034	
690	713	637	638	982	1024	1023	1016	
652	649	700	710	1019	977	964	1018	
715	703	667	652	1020	972	981	1025	
690	639	690	646	1025	1034	965	1009	
655	643	665	658	997	1043	991	1011	
677	699	636	639	999	969	1039	975	
639	651	687	657	986	966	1042	1036	
670	670	716	644	1041	1036	994	1035	
702	663	651	716	1011	969	997	965	
688	656	648	650	981	1000	1043	994	
670	679	692	648	982	1041	1004	1042	
694	703	650	640	1021	1029	1010	965	
677	698	670	713	978	1021	1022	981	
668	710	712	685	1013	995	1009	970	
703	645	700	694	967	1031	973	1040	
699	716	640	672	965	971	973	1041	
674	656	652	641	1002	992	1038	1026	
688	657	668	661	998	1023	984	982	
649	663	656	707	1016	974	1021	1016	
711	651	711	655	968	1013	1025	986	
703	652	701	690	1040	984	1028	1024	
645	671	694	693	1031	969	1028	999	
644	654	652	716	977	978	965	1021	
681	656	702	654	995	1004	1006	984	
714	688	697	716	985	976	1010	1035	
647	700	654	707	983	1017	1004	969	
706	652	697	687	1026	1012	994	1042	
648	643	702	716	1043	1015	1035	1020	
637	678	691	709	989	1040	992	978	
702	679	710	636	1033	1017	968	1041	
705	651	676	650	987	1001	981	1043	
671	676	652	709	1016	1009	975	1039	
650	653	667	702	1010	995	1017	974	
698	677	703	641	999	965	994	968	
715	659	652	640	1040	1005	972	989	
658	676	644	655	1032	1017	964	965	
667	696	651	645	967	981	1013	1034	
675	690	688	654	1020	1021	980	976	
711	645	669	704	987	1005	978	1018	
658	682	711	684	1030	990	971	1042	
644	658	712	699	973	1025	968	1004	
678	644	680	672	1036	980	992	1013	
658	642	707	680	1006	1021	992	1014	
669	675	639	704	1031	994	995	966	
648	701	705	636	986	988	965	976	
643	690	715	653	1029	1011	981	1023	
659	669	679	643	1004	996	1018	965	
636	645	710	661	989	964	977	1029	
674	676	698	655	1043	973	968	969	
687	689	648	642	1013	1023	966	996	
639	662	666	642	1001	1012	1036	1007	
687	695	649	693	964	1034	997	980	
646	705	641	652	1015	1027	987	1031	
665	707	680	662	1016	1016	968	1039	
639	636	655	657	988	1030	1017	976	
704	655	639	715	1008	1007	971	1041	
689	708	690	705	1037	1033	974	1041	
712	663	680	640	965	1014	1028	1015	
670	665	684	711	1009	1026	1041	973	
673	710	711	658	1013	1027	993	977	
640	667	657	715	991	1000	985	983	
653	708	678	641	1012	977	989	994	
636	654	703	709	996	1024	1029	975	
694	637	681	700	1021	975	970	1026	
675	647	692	644	1033	964	979	1039	
682	646	696	706	1015	1036	1013	1027	
705	680	642	712	1030	1017	991	1013	
670	705	638	645	997	1007	981	1030	
680	688	674	711	1020	988	1032	993	
671	710	671	706	1012	979	1025	1039	
705	703	638	716	1037	1026	987	1022	
684	709	705	641	970	982	1010	1007	
701	700	645	636	1017	997	965	1015	
654	701	710	646	973	1036	971	998	
654	692	666	680	1042	1001	1007	1000	
643	688	675	702	999	1010	1001	1002	
668	640	704	698	999	967	1006	993	
645	713	716	644	1032	986	1042	998	
668	693	674	685	1016	1026	1012	981	
666	707	662	658	974	1012	1037	1002	
708	652	697	673	1036	1029	1000	987	
683	706	647	660	994	995	995	1020	
701	656	657	677	995	1009	1006	1031	
688	639	678	709	973	1043	989	979	
640	709	692	664	968	997	1016	1029	
691	712	684	649	992	1009	1017	1032	
640	681	676	715	978	1002	974	986	
637	646	699	713	1024	978	1007	1014	
687	637	713	665	1009	1033	1033	996	
691	670	707	659	991	977	1033	1034	
642	682	645	696	989	997	972	1031	
678	704	647	661	987	981	989	1018	
683	694	643	702	966	1043	1001	993	
700	648	711	685	988	1032	1034	980	
647	692	711	709	995	964	1011	974	
654	663	656	702	996	999	1019	1029	
667	647	695	698	1026	1005	1013	996	
675	666	692	715	995	985	1034	1035	
687	716	657	657	983	972	1028	1034	
654	688	709	674	971	972	972	997	
709	707	636	645	973	1041	995	1042	
693	716	639	658	974	1022	979	974	
671	672	641	699	1038	1005	1000	981	
704	639	642	675	1003	1021	1003	979	
665	652	701	686	983	1003	967	967	
692	644	701	676	997	1023	967	974	
664	710	642	675	1022	1014	983	967	
641	665	693	642	971	1003	1030	974	
712	705	677	648	1008	1038	990	980	
715	695	653	696	1025	986	1010	1041	
659	662	711	678	985	980	1028	967	
683	651	638	694	1009	986	1012	1036	
713	654	658	673	1007	1037	1043	966	
670	664	637	693	1021	1024	974	1037	
702	647	640	707	991	980	983	1026	
661	656	670	716	1028	980	980	1034	
668	659	652	704	1029	984	972	983	
650	715	700	641	1011	967	1038	1033	
645	665	691	659	1002	967	1032	1024	
690	658	638	697	965	977	1036	1018	
715	653	682	637	964	1008	972	1029	
698	699	677	638	985	964	1015	1003	
690	681	694	693	1026	1029	970	1035	
686	703	710	641	1024	981	964	975	
694	639	667	672	1022	1018	970	968	
668	659	660	712	1008	1003	995	999	
658	643	644	666	993	975	1014	1025	
669	712	715	663	988	973	985	1041	
649	702	699	701	964	964	1023	1012	
679	650	714	687	971	1008	973	1026	
672	675	715	713	1021	991	1030	968	
715	699	639	647	990	1035	994	975	
674	713	646	637	1043	996	981	991	
710	677	669	664	1036	989	973	993	
637	698	709	653	1037	994	966	989	
696	639	700	671	986	965	1017	1040	
651	653	642	658	965	1032	1005	974	
639	638	657	704	1026	976	987	1039	
651	691	711	654	976	1030	968	1033	
685	679	644	706	999	981	1043	1036	
670	680	674	656	967	1021	983	993	
681	682	678	714	979	986	1030	1039	
638	713	683	644	1006	987	1040	965	
694	638	700	649	980	999	1007	1003	
678	704	695	638	1018	1039	976	1040	
669	708	701	640	973	1002	1008	1041	
691	683	650	639	1012	1038	986	1030	
685	675	709	638	1012	1036	1015	989	
646	680	699	667	1032	966	994	978	
704	685	680	673	1023	991	1009	1042	
636	696	702	671	1006	1042	993	969	
666	695	644	715	1025	978	1031	1027	
662	695	669	653	966	1021	1023	1010	
694	706	639	642	975	1018	970	973	
649	716	640	706	1018	1027	1007	966	
641	671	656	704	991	967	1039	1002	
704	688	640	681	980	1003	1035	985	
690	646	713	707	967	1040	980	1034	
641	706	689	706	1012	993	1025	1016	
706	648	650	681	964	994	1043	1019	
636	656	661	647	1018	977	1005	985	
701	675	649	710	1025	1042	996	983	
663	678	690	640	1033	1019	1034	973	
699	644	684	673	1039	987	1030	1009	
673	707	639	672	1010	1025	1034	993	
673	651	711	682	1022	1032	966	964	
643	679	659	671	966	1015	971	1035	
675	692	665	704	1030	1032	984	966	
710	698	667	651	996	1039	1043	1017	
683	667	680	698	1011	1007	1033	969	
672	651	708	670	969	1016	1038	976	
716	708	685	645	1024	1031	1017	972	
705	710	662	710	994	986	1002	997	
643	693	690	644	964	964	1039	993	
685	677	672	713	974	1035	1010	1036	
713	667	683	697	978	985	987	1005	
704	710	651	716	1028	993	1042	1027	
646	642	710	704	988	1013	1014	995	
694	670	666	646	994	1030	979	977	
706	684	660	643	964	1000	1031	1002	
653	711	655	664	1015	1008	1001	1037	
657	673	671	716	1016	983	1004	1006	
679	647	639	693	1008	1016	1006	1042	
655	639	669	689	1042	1019	1018	973	
705	670	684	638	1004	1013	1016	1015	
682	714	687	673	1004	1037	981	976	
639	658	657	662	1043	1002	968	981	
685	696	641	706	1029	978	971	1027	
688	687	685	713	964	1016	1010	1016	
672	653	693	640	1041	965	1029	1009	
636	658	706	652	1026	999	974	1017	
707	643	702	666	1038	1018	965	1025	
680	673	674	676	980	1030	980	981	
690	715	668	637	974	1018	967	1021	
705	695	649	674	997	984	1038	974	
691	660	712	644	1000	1026	1031	977	
646	688	663	714	983	1041	986	1040	
636	651	642	645	996	980	1032	995	
689	687	690	639	1012	971	1003	985	
663	665	705	660	981	981	1034	1003	
654	636	679	673	1018	992	1025	1027	
691	681	668	657	1025	1003	1010	979	
657	706	683	642	971	1006	995	1042	
652	680	712	696	1020	1001	1022	996	
669	709	637	647	989	1002	1037	970	
671	664	689	685	996	974	1035	1009	
638	701	669	709	964	969	986	1034	
643	701	694	648	1033	992	1000	1020	
655	711	651	710	1007	977	1042	1012	
675	650	706	658	1037	1000	966	983	
678	707	636	715	1039	1037	976	1019	
716	675	656	706	1021	1030	967	972	
658	642	657	706	1021	1002	1034	988	
641	712	694	712	977	1006	1039	1020	
645	699	651	656	984	978	1018	966	
668	638	671	659	1018	999	1016	978	
651	661	639	684	991	986	1017	981	
671	679	649	644	1009	972	1039	1040	
676	663	659	705	1020	970	1030	976	
714	695	716	665	1034	964	1000	1042	
684	644	678	670	998	1002	1006	1042	
682	705	663	682	1043	1014	1003	974	
650	700	639	699	1012	1022	1042	971	
648	713	684	639	1019	1038	993	988	
657	680	714	705	994	980	1015	1039	
657	652	714	659	989	1043	1033	1004	
656	691	660	670	998	1025	990	997	
672	687	664	711	1010	1000	1019	1032	
683	663	640	636	1031	978	1029	998	
646	670	638	688	980	986	1000	1043	
661	684	659	686	1013	979	996	1041	
640	676	709	667	981	1042	984	1034	
713	670	659	712	1041	995	965	1036	
661	674	678	706	967	982	1039	1014	
682	708	641	667	1020	1024	981	981	
678	710	638	707	1039	992	1033	993	
688	704	708	641	978	1001	1020	971	
638	656	683	697	1009	1021	1032	978	
699	652	686	715	1007	996	977	987	
681	702	672	649	999	964	1001	1039	
647	671	663	676	972	1009	1027	1019	
656	683	671	670	1012	1010	969	965	
653	680	652	705	974	974	1020	1029	
704	679	636	637	979	974	1007	974	
653	664	686	687	986	1036	973	1030	
700	641	661	649	1041	988	1017	1039	
673	636	639	704	965	1028	986	1043	
658	650	648	716	1004	1020	977	1041	
680	654	713	700	1038	1010	1026	979	
648	651	686	714	1015	998	1039	964	
661	691	695	636	1010	1029	968	965	
643	715	638	648	1003	1004	1008	1021	
647	675	710	685	1042	1029	982	1019	
682	639	679	702	1031	980	1040	1039	
684	714	637	667	986	1027	1008	1039	
657	691	639	708	1024	1030	1021	995	
671	644	669	714	1043	1031	971	966	
636	640	716	668	1015	1003	1043	1015	
713	654	701	646	1018	987	974	974	
670	676	680	709	975	1004	1013	1015	
698	656	666	713	968	1027	986	1041	
688	691	709	637	999	984	1037	972	
636	709	709	695	967	1006	1033	1013	
651	693	665	704	1028	999	1025	984	
638	688	681	682	1029	981	1026	1041	
664	687	663	693	986	1034	987	965	
683	678	649	667	997	1004	984	975	
664	678	704	638	1042	1033	1005	969	
706	704	659	642	971	986	1028	1037	
712	693	659	636	987	992	975	1033	
700	651	716	693	1000	986	971	1042	
658	696	702	637	1004	1043	1002	985	
691	650	649	702	1037	993	1013	1019	
