L1	L2	L3	L4	R1	R2	R3	R4	
783	758	796	831	1116	1094	1151	1142	
764	788	783	826	1161	1115	1122	1107	
786	831	781	833	1088	1148	1087	1094	
772	769	774	788	1161	1129	1127	1151	
815	819	781	764	1119	1085	1150	1097	
813	820	798	765	1114	1106	1163	1145	
785	828	774	829	1136	1104	1158	1115	
759	832	792	768	1126	1142	1130	1118	
801	768	815	771	1157	1132	1103	1133	
804	802	782	834	1162	1114	1116	1084	
783	829	756	761	1108	1096	1135	1157	
798	817	768	820	1152	1093	1146	1087	
817	773	831	779	1141	1133	1100	1163	
820	807	781	835	1088	1122	1149	1148	
763	797	827	827	1141	1092	1126	1108	
814	809	825	757	1103	1155	1084	1140	
817	820	786	770	1149	1130	1122	1114	
808	770	760	829	1124	1108	1122	1112	
799	828	810	761	1145	1098	1113	1121	
759	806	836	783	1112	1098	1089	1142	
773	809	764	795	1085	1123	1163	1092	
759	776	802	836	1084	1100	1142	1147	
795	836	790	780	1099	1156	1120	1152	
810	785	786	803	1157	1100	1146	1130	
794	792	835	761	1107	1143	1112	1099	
798	758	786	764	1136	1084	1148	1101	
816	799	766	779	1121	1140	1094	1110	
808	799	805	797	1127	1140	1155	1086	
811	792	757	771	1156	1085	1149	1141	
831	781	780	821	1143	1148	1114	1150	
800	762	830	774	1119	1106	1134	1120	
787	788	791	796	1116	1140	1112	1109	
816	797	830	771	1090	1148	1142	1159	
797	826	759	816	1101	1155	1129	1163	
785	830	777	816	1155	1154	1115	1112	
759	803	828	756	1139	1145	1096	1160	
791	796	780	834	1151	1124	1157	1102	
821	778	756	811	1158	1126	1135	1101	
824	776	810	782	1122	1153	1150	1093	
807	832	825	829	1105	1145	1157	1108	
808	813	758	825	1159	1154	1096	1115	
819	829	792	776	1128	1094	1111	1102	
810	805	832	796	1131	1161	1092	1142	
796	804	757	835	1101	1129	1158	1087	
819	811	828	769	1142	1089	1128	1108	
821	795	782	766	1119	1116	1154	1161	
776	777	776	832	1119	1106	1103	1108	
783	764	816	757	1132	1095	1124	1128	
834	791	783	771	1146	1088	1142	1086	
761	788	825	780	1117	1125	1153	1102	
825	795	775	787	1130	1086	1107	1162	
793	788	785	832	1163	1093	1157	1108	
828	808	808	786	1090	1145	1106	1162	
833	819	798	771	1091	1117	1091	1163	
757	790	795	815	1122	1162	1134	1133	
797	756	836	761	1154	1115	1111	1089	
809	811	836	756	1134	1152	1134	1088	
780	775	776	816	1129	1107	1089	1158	
761	773	834	821	1130	1140	1157	1102	
787	806	789	759	1136	1098	1152	1104	
832	808	795	814	1135	1093	1113	1157	
801	810	829	789	1140	1108	1098	1159	
827	835	771	767	1149	1098	1093	1085	
824	785	803	817	1128	1092	1138	1114	
816	763	777	823	1106	1162	1098	1118	
792	793	813	795	1094	1119	1085	1160	
835	769	780	824	1150	1086	1099	1134	
770	819	808	756	1148	1088	1156	1096	
781	828	834	769	1099	1153	1089	1107	
801	831	785	757	1085	1114	1107	1160	
763	831	766	835	1145	1121	1085	1117	
782	811	831	792	1113	1103	1123	1149	
793	768	808	768	1111	1101	1122	1161	
818	830	761	778	1147	1158	1089	1146	
792	815	795	766	1131	1134	1085	1093	
785	761	770	831	1104	1133	1090	1084	
762	827	803	775	1114	1156	1097	1084	
822	781	767	826	1126	1094	1114	1154	
768	806	768	821	1101	1157	1091	1155	
792	820	819	816	1110	1162	1139	1110	
819	757	760	830	1114	1143	1152	1089	
778	836	808	819	1109	1144	1106	1149	
827	787	808	832	1124	1108	1127	1090	
836	783	774	788	1135	1088	1162	1097	
798	757	808	761	1089	1111	1153	1110	
826	777	771	777	1110	1161	1128	1084	
815	828	832	769	1131	1136	1144	1111	
792	768	757	829	1136	1158	1086	1116	
826	774	793	763	1128	1087	1106	1129	
825	814	762	764	1146	1161	1095	1153	
770	796	766	780	1126	1135	1153	1096	
769	764	815	764	1162	1123	1136	1100	
823	785	770	766	1137	1108	1136	1084	
769	773	767	821	1092	1091	1160	1142	
826	814	828	769	1104	1119	1150	1148	
789	822	778	794	1146	1153	1118	1143	
817	770	803	815	1121	1143	1118	1096	
773	826	771	764	1130	1087	1147	1095	
803	778	761	778	1139	1105	1120	1107	
790	809	791	780	1136	1090	1131	1158	
769	797	829	832	1129	1088	1148	1121	
829	820	765	782	1091	1136	1107	1084	
762	809	815	756	1142	1125	1127	1162	
826	813	786	759	1121	1101	1159	1163	
799	762	830	829	1153	1105	1094	1095	
796	756	757	826	1145	1094	1146	1162	
773	763	805	764	1163	1106	1108	1148	
767	773	836	785	1115	1090	1162	1125	
771	813	774	824	1107	1163	1128	1086	
771	818	771	830	1152	1106	1135	1160	
763	824	822	756	1089	1117	1122	1092	
809	796	781	775	1092	1144	1158	1097	
820	807	760	804	1103	1143	1097	1104	
777	806	836	820	1140	1131	1145	1087	
820	776	811	817	1147	1157	1163	1094	
812	756	782	790	1096	1095	1093	1149	
804	783	816	830	1142	1099	1159	1154	
757	808	759	811	1108	1148	1163	1089	
831	762	782	816	1126	1128	1139	1091	
798	763	829	761	1095	1088	1106	1150	
783	794	802	793	1094	1091	1130	1152	
792	815	757	816	1100	1122	1129	1158	
806	835	810	827	1136	1141	1086	1084	
832	794	815	776	1137	1120	1140	1161	
806	810	760	765	1085	1151	1091	1145	
775	830	773	773	1106	1123	1161	1123	
769	768	796	835	1099	1099	1155	1148	
835	759	766	834	1093	1123	1145	1085	
758	808	778	803	1114	1138	1140	1159	
776	824	762	768	1136	1138	1109	1088	
788	763	761	814	1159	1094	1113	1122	
794	823	770	818	1162	1091	1100	1116	
819	817	833	792	1145	1094	1136	1135	
777	760	827	795	1155	1111	1134	1142	
789	785	784	836	1157	1139	1084	1153	
820	792	778	765	1155	1159	1101	1116	
827	795	776	788	1104	1113	1142	1089	
817	831	762	800	1097	1115	1130	1126	
758	761	790	813	1122	1111	1163	1093	
829	766	770	770	1140	1139	1138	1145	
759	787	807	797	1113	1117	1162	1143	
816	803	764	820	1102	1119	1129	1132	
823	758	833	780	1134	1145	1085	1088	
819	789	775	815	1121	1101	1126	1104	
783	787	833	758	1155	1103	1138	1121	
807	830	822	778	1107	1161	1136	1090	
828	769	822	760	1101	1087	1131	1147	
829	791	819	760	1095	1121	1139	1128	
822	765	835	787	1114	1092	1102	1159	
757	793	783	805	1157	1099	1093	1149	
816	826	756	830	1132	1089	1151	1090	
809	823	768	775	1126	1093	1148	1123	
765	832	805	781	1096	1118	1090	1115	
811	816	811	769	1134	1110	1098	1089	
763	806	823	770	1133	1090	1112	1112	
770	764	765	834	1091	1117	1102	1085	
781	834	789	771	1092	1143	1114	1151	
825	824	775	824	1158	1152	1127	1088	
779	759	831	788	1099	1089	1148	1139	
791	798	774	764	1128	1125	1084	1153	
787	803	799	790	1122	1102	1159	1149	
826	822	790	762	1099	1102	1151	1159	
832	796	762	772	1086	1143	1152	1154	
765	762	792	815	1121	1144	1088	1161	
834	772	821	780	1100	1150	1115	1110	
765	782	821	836	1132	1142	1149	1095	
766	786	766	758	1155	1086	1147	1113	
783	758	827	787	1126	1153	1131	1093	
818	756	774	796	1109	1097	1117	1152	
790	836	771	780	1135	1115	1119	1134	
820	809	764	821	1129	1135	1111	1159	
770	836	798	836	1087	1108	1133	1145	
790	795	802	779	1104	1128	1136	1099	
822	774	801	766	1091	1090	1150	1158	
799	832	823	821	1089	1087	1151	1148	
789	803	772	830	1117	1153	1106	1100	
813	822	776	823	1124	1102	1138	1096	
798	791	830	807	1137	1125	1134	1103	
794	775	818	757	1101	1143	1159	1158	
822	817	777	787	1103	1101	1158	1092	
802	767	835	764	1160	1127	1086	1094	
768	775	807	792	1089	1138	1161	1086	
767	829	777	797	1084	1138	1145	1139	
801	771	787	829	1101	1163	1130	1091	
812	774	756	823	1127	1110	1120	1102	
811	831	830	770	1128	1104	1161	1126	
768	829	773	781	1091	1140	1140	1084	
762	777	792	758	1148	1115	1134	1099	
794	774	773	814	1093	1161	1098	1131	
779	828	833	756	1156	1096	1107	1107	
772	762	832	822	1154	1149	1085	1098	
797	834	798	768	1160	1105	1161	1090	
832	805	796	766	1124	1091	1149	1092	
812	827	820	802	1092	1133	1145	1098	
795	794	804	798	1097	1107	1151	1150	
823	803	773	809	1157	1116	1084	1107	
794	804	818	774	1155	1107	1136	1150	
807	811	790	779	1162	1088	1113	1150	
803	819	793	772	1091	1125	1159	1116	
784	756	820	811	1147	1107	1139	1141	
764	792	821	761	1100	1113	1130	1114	
785	833	833	772	1121	1131	1162	1097	
825	760	763	835	1103	1090	1149	1125	
782	795	770	826	1120	1107	1156	1104	
815	761	807	824	1093	1112	1130	1143	
810	819	774	758	1139	1161	1084	1143	
808	836	779	801	1155	1090	1086	1107	
771	765	792	818	1161	1103	1096	1122	
787	803	757	780	1156	1090	1127	1163	
812	836	797	810	1087	1134	1101	1135	
798	818	786	765	1135	1085	1128	1096	
780	820	770	773	1116	1104	1103	1162	
827	809	813	779	1139	1089	1103	1144	
812	811	797	817	1124	1094	1129	1136	
803	760	813	802	1088	1092	1093	1145	
758	772	781	833	1092	1144	1153	1128	
776	760	834	782	1111	1144	1087	1121	
796	815	812	759	1151	1150	1131	1087	
821	791	770	831	1153	1120	1131	1089	
809	763	775	771	1130	1137	1138	1095	
777	784	832	810	1106	1102	1123	1092	
779	772	787	830	1131	1115	1087	1098	
825	799	793	758	1140	1136	1092	1156	
811	777	819	805	1090	1107	1097	1147	
760	793	799	779	1126	1116	1132	1117	
828	783	786	831	1116	1154	1140	1092	
776	772	804	809	1146	1103	1161	1111	
785	806	803	766	1089	1103	1161	1123	
805	778	769	830	1100	1138	1087	1138	
777	833	827	807	1131	1143	1101	1095	
781	761	833	772	1097	1144	1121	1114	
827	758	757	760	1120	1156	1112	1086	
778	807	826	765	1127	1135	1149	1088	
788	835	778	815	1152	1160	1097	1105	
765	814	805	836	1103	1157	1145	1095	
776	776	828	807	1159	1120	1140	1089	
808	794	770	761	1153	1105	1143	1150	
818	771	821	763	1100	1100	1084	1121	
776	768	797	778	1109	1142	1153	1114	
762	770	765	808	1139	1103	1119	1158	
776	830	794	778	1099	1106	1120	1147	
801	799	788	756	1089	1134	1099	1162	
782	833	781	800	1146	1140	1144	1136	
786	808	772	831	1122	1111	1121	1114	
795	810	762	830	1153	1133	1117	1098	
831	798	805	770	1116	1119	1144	1098	
801	764	813	827	1086	1153	1151	1121	
768	823	803	756	1138	1122	1155	1160	
788	798	776	833	1142	1117	1159	1091	
762	762	814	762	1146	1136	1105	1112	
834	809	782	787	1089	1135	1136	1143	
764	791	792	817	1153	1160	1094	1089	
781	816	833	826	1092	1114	1105	1161	
821	763	760	828	1116	1137	1085	1137	
811	830	781	802	1158	1119	1106	1122	
803	818	758	767	1155	1094	1091	1092	
780	758	832	813	1094	1143	1110	1088	
832	767	798	823	1123	1116	1132	1130	
802	820	790	764	1105	1093	1143	1131	
807	781	830	764	1111	1093	1140	1087	
802	813	759	792	1159	1157	1102	1155	
767	833	791	777	1086	1127	1118	1163	
763	792	829	802	1155	1153	1087	1098	
768	796	785	760	1148	1154	1090	1155	
821	797	836	774	1104	1111	1138	1088	
773	826	833	799	1130	1161	1145	1087	
801	811	807	760	1129	1094	1092	1109	
812	770	764	817	1143	1137	1125	1089	
833	832	836	774	1101	1115	1143	1152	
764	822	788	791	1109	1143	1160	1099	
780	787	834	759	1094	1084	1150	1150	
766	806	774	783	1088	1140	1106	1160	
775	804	763	825	1145	1153	1146	1102	
806	763	776	792	1107	1117	1100	1098	
785	825	764	774	1132	1085	1133	1154	
804	796	810	756	1134	1125	1089	1151	
775	795	782	831	1099	1158	1160	1098	
793	823	770	781	1100	1105	1097	1128	
756	833	835	825	1097	1125	1134	1120	
785	822	781	828	1098	1133	1087	1154	
802	800	802	756	1142	1129	1120	1161	
775	783	758	807	1113	1160	1095	1121	
760	811	786	774	1149	1128	1160	1089	
798	801	816	796	1087	1148	1157	1113	
830	823	768	825	1142	1127	1129	1140	
810	810	767	764	1116	1159	1151	1099	
829	803	778	834	1084	1125	1137	1120	
830	779	771	783	1120	1125	1163	1105	
804	804	765	792	1092	1112	1108	1152	
801	763	826	758	1114	1105	1154	1120	
800	816	790	770	1094	1088	1130	1151	
835	775	827	789	1154	1084	1089	1099	
779	810	813	805	1150	1109	1091	1129	
806	817	776	761	1150	1133	1092	1113	
786	816	815	816	1117	1124	1111	1149	
774	790	825	767	1148	1150	1125	1092	
787	833	836	801	1161	1107	1103	1122	
759	817	796	759	1105	1084	1086	1162	
816	789	790	796	1138	1085	1158	1118	
782	786	789	825	1162	1153	1121	1091	
793	828	758	831	1096	1150	1160	1104	
786	788	809	836	1088	1124	1161	1084	
807	805	795	810	1140	1138	1152	1111	
764	765	815	823	1111	1116	1116	1160	
775	822	832	768	1106	1108	1098	1152	
806	800	801	795	1139	1103	1086	1109	
812	764	775	834	1104	1151	1161	1098	
814	823	794	765	1101	1130	1112	1100	
808	757	819	803	1110	1133	1117	1118	
828	766	810	796	1088	1151	1108	1149	
813	825	806	791	1096	1119	1154	1132	
819	772	778	832	1112	1093	1135	1090	
777	780	816	764	1124	1128	1115	1160	
801	813	832	777	1107	1092	1093	1150	
788	783	795	756	1106	1162	1088	1159	
818	832	784	806	1138	1137	1090	1157	
778	822	763	818	1124	1103	1161	1152	
797	805	773	829	1119	1120	1128	1156	
822	781	822	775	1143	1134	1097	1161	
799	780	757	779	1148	1110	1158	1139	
762	775	804	804	1154	1101	1088	1149	
783	768	763	825	1096	1105	1118	1135	
757	834	827	829	1103	1150	1128	1120	
781	801	761	786	1155	1109	1148	1087	
832	757	768	823	1089	1110	1101	1155	
832	799	784	768	1101	1153	1092	1104	
813	816	770	832	1115	1137	1119	1095	
774	798	797	757	1117	1157	1085	1113	
774	762	832	759	1117	1114	1158	1102	
798	764	815	780	1103	1148	1088	1122	
799	777	779	830	1114	1111	1096	1114	
763	810	791	773	1120	1096	1144	1148	
823	770	768	823	1159	1116	1084	1144	
773	782	817	812	1114	1117	1117	1157	
785	784	828	774	1094	1124	1159	1094	
822	781	806	802	1119	1121	1126	1157	
812	792	798	756	1106	1158	1106	1105	
790	768	795	834	1107	1084	1160	1133	
807	805	795	801	1088	1129	1158	1089	
824	830	768	764	1114	1160	1093	1158	
789	834	811	794	1105	1150	1157	1120	
794	800	816	760	1100	1151	1154	1108	
785	761	830	756	1119	1101	1163	1142	
826	781	818	779	1135	1138	1092	1091	
788	816	831	801	1136	1118	1120	1093	
788	828	816	772	1124	1102	1095	1158	
764	827	785	799	1095	1136	1089	1109	
834	836	762	821	1131	1143	1158	1084	
799	770	791	785	1161	1108	1162	1150	
774	829	756	795	1136	1134	1144	1084	
764	822	835	786	1141	1094	1098	1143	
775	792	833	790	1113	1149	1112	1139	
799	818	815	770	1086	1096	1156	1155	
825	756	788	836	1096	1085	1147	1087	
758	778	773	827	1149	1141	1088	1086	
762	797	801	780	1163	1151	1090	1138	
783	830	809	808	1101	1126	1159	1113	
799	827	800	835	1098	1126	1090	1111	
808	828	824	758	1085	1099	1153	1142	
786	781	822	819	1119	1153	1145	1089	
786	805	827	776	1114	1102	1112	1139	
792	771	836	760	1096	1113	1145	1153	
805	766	830	794	1128	1157	1126	1124	
785	808	785	826	1110	1142	1086	1092	
811	767	814	836	1114	1155	1155	1085	
797	789	816	830	1158	1102	1087	1104	
803	820	802	829	1088	1156	1098	1144	
813	822	762	834	1129	1124	1097	1156	
768	820	813	764	1139	1124	1087	1137	
832	801	761	763	1145	1087	1103	1117	
804	761	803	797	1161	1107	1130	1086	
766	817	762	809	1097	1163	1163	1099	
762	805	813	789	1085	1149	1093	1141	
785	763	818	817	1160	1086	1106	1117	
770	775	777	835	1147	1100	1127	1133	
806	821	759	803	1136	1112	1116	1125	
790	771	806	757	1160	1095	1103	1147	
781	829	807	831	1155	1154	1099	1103	
761	784	810	759	1130	1089	1142	1115	
807	797	834	808	1127	1129	1087	1159	
794	756	770	812	1123	1099	1145	1162	
810	824	767	771	1106	1085	1147	1145	
814	803	756	762	1157	1122	1106	1086	
824	773	762	829	1134	1127	1109	1128	
786	824	797	756	1124	1087	1162	1161	
834	793	779	823	1089	1087	1110	1142	
827	803	813	770	1093	1154	1163	1118	
777	757	830	827	1144	1156	1158	1095	
822	791	810	758	1158	1126	1104	1159	
820	827	762	771	1136	1144	1155	1089	
766	821	793	762	1145	1118	1122	1142	
767	776	769	830	1148	1104	1144	1094	
781	824	804	765	1109	1151	1093	1154	
790	831	829	803	1085	1104	1122	1096	
802	769	769	804	1097	1101	1138	1156	
779	799	806	833	1146	1114	1086	1135	
802	787	796	808	1088	1106	1146	1130	
805	761	790	823	1097	1154	1130	1158	
826	825	775	810	1150	1129	1085	1085	
778	770	774	833	1143	1141	1086	1138	
774	829	830	792	1145	1091	1104	1089	
771	766	807	826	1090	1163	1108	1143	
808	828	771	766	1141	1136	1089	1103	
819	825	767	784	1157	1117	1149	1095	
787	781	817	831	1105	1113	1139	1146	
808	822	821	763	1115	1161	1095	1130	
765	797	825	776	1129	1155	1091	1105	
825	828	774	779	1103	1123	1101	1155	
789	825	785	783	1101	1145	1092	1162	
764	763	813	806	1088	1159	1142	1158	
782	812	809	757	1122	1130	1153	1089	
836	819	771	831	1102	1162	1100	1114	
790	813	830	829	1127	1158	1116	1138	
796	781	803	833	1101	1109	1091	1163	
810	787	778	823	1100	1152	1102	1096	
833	809	786	771	1123	1101	1093	1138	
809	789	819	795	1141	1133	1156	1120	
804	777	814	757	1092	1163	1086	1100	
784	828	792	773	1152	1142	1121	1091	
762	828	829	756	1146	1110	1117	1110	
833	787	781	818	1123	1162	1113	1094	
785	811	814	763	1162	1085	1118	1116	
779	775	821	822	1090	1135	1091	1150	
766	823	796	835	1143	1088	1162	1153	
833	757	814	772	1141	1148	1108	1141	
809	831	767	787	1130	1088	1141	1108	
805	808	793	758	1115	1163	1148	1098	
826	793	770	807	1159	1113	1084	1108	
827	757	819	816	1158	1116	1086	1159	
815	762	759	820	1111	1153	1154	1090	
823	821	787	820	1105	1158	1091	1128	
830	785	760	807	1100	1093	1151	1088	
836	832	821	768	1089	1151	1146	1101	
836	764	760	805	1156	1149	1111	1090	
818	759	830	790	1153	1101	1142	1088	
792	760	820	823	1129	1091	1145	1131	
797	812	798	817	1151	1146	1106	1136	
813	779	777	779	1157	1153	1119	1092	
795	793	819	760	1121	1112	1089	1140	
831	782	757	771	1157	1137	1140	1113	
762	832	789	798	1102	1143	1123	1090	
777	770	821	762	1099	1149	1111	1090	
830	789	795	778	1153	1144	1102	1087	
811	785	831	831	1141	1141	1086	1086	
829	777	825	793	1148	1122	1099	1106	
807	756	810	758	1151	1092	1127	1098	
784	770	819	826	1098	1148	1092	1163	
831	811	802	786	1117	1085	1121	1096	
799	765	823	778	1161	1132	1150	1087	
827	788	796	836	1137	1100	1122	1110	
769	786	795	833	1151	1111	1097	1150	
767	812	818	816	1160	1122	1139	1131	
796	763	810	823	1147	1122	1110	1092	
799	774	760	824	1127	1141	1147	1143	
821	822	784	768	1116	1104	1128	1158	
779	834	770	803	1136	1112	1157	1144	
795	770	772	812	1109	1142	1111	1089	
772	794	816	818	1110	1131	1133	1091	
813	768	810	833	1085	1138	1096	1085	
769	789	829	758	1122	1125	1090	1140	
776	790	820	813	1089	1156	1104	1089	
756	797	798	759	1143	1124	1153	1097	
804	762	821	769	1133	1104	1101	1159	
801	793	812	760	1144	1085	1152	1154	
757	788	784	820	1128	1138	1090	1121	
774	758	819	762	1118	1091	1102	1156	
786	796	781	769	1129	1157	1144	1138	
805	792	768	823	1120	1108	1097	1160	
803	778	816	761	1161	1147	1095	1104	
834	834	774	768	1092	1097	1118	1147	
802	831	764	828	1116	1086	1145	1163	
817	794	780	809	1108	1113	1131	1161	
792	756	759	809	1094	1141	1154	1089	
834	778	777	800	1095	1099	1153	1140	
775	823	802	828	1152	1102	1132	1088	
817	812	765	799	1156	1092	1160	1098	
790	790	802	834	1108	1119	1111	1154	
798	799	824	757	1133	1102	1148	1146	
794	757	785	825	1123	1098	1160	1140	
834	836	782	774	1106	1099	1140	1158	
835	775	811	828	1134	1110	1128	1148	
769	827	761	808	1153	1085	1151	1096	
835	800	779	832	1112	1119	1136	1136	
775	780	836	828	1160	1107	1096	1150	
782	774	836	758	1135	1089	1141	1132	
780	772	783	804	1106	1143	1136	1090	
800	780	830	798	1091	1125	1116	1159	
819	814	834	789	1135	1129	1099	1126	
818	833	770	759	1144	1118	1134	1093	
764	782	816	807	1118	1150	1085	1139	
797	761	761	811	1156	1115	1155	1086	
834	803	802	760	1143	1143	1120	1104	
815	777	775	803	1117	1084	1137	1162	
830	775	823	764	1121	1122	1085	1129	
796	761	809	764	1150	1105	1153	1102	
823	832	807	791	1122	1128	1102	1160	
805	764	823	820	1127	1091	1095	1159	
774	801	822	774	1099	1088	1149	1115	
758	757	785	803	1157	1142	1088	1135	
756	812	822	826	1108	1088	1136	1086	
792	784	764	835	1101	1110	1163	1150	
779	757	798	828	1119	1099	1162	1109	
813	827	812	764	1085	1117	1103	1132	
812	810	828	765	1114	1104	1114	1142	
821	790	795	787	1100	1113	1107	1153	
798	778	756	822	1120	1161	1092	1149	
773	802	781	830	1124	1091	1112	1143	
814	804	778	760	1129	1113	1160	1117	
810	795	761	787	1113	1097	1147	1155	
777	766	820	768	1117	1131	1101	1084	
774	818	773	763	1120	1127	1154	1129	
833	804	757	798	1106	1138	1137	1086	
828	800	807	772	1093	1135	1115	1149	
796	813	784	832	1091	1115	1160	1093	
821	806	777	756	1149	1098	1133	1138	
776	780	828	770	1132	1145	1163	1112	
827	809	811	759	1117	1148	1089	1141	
783	828	830	762	1157	1100	1138	1095	
801	782	816	813	1144	1114	1085	1112	
781	785	823	773	1155	1128	1142	1098	
810	802	766	797	1133	1152	1157	1112	
826	804	777	769	1103	1139	1097	1157	
774	808	825	799	1090	1157	1158	1152	
828	785	756	824	1092	1116	1088	1151	
829	826	804	765	1122	1103	1161	1085	
759	799	774	836	1141	1151	1094	1143	
786	757	818	805	1116	1126	1119	1090	
781	777	791	834	1128	1144	1119	1126	
808	767	809	784	1093	1156	1105	1160	
806	827	784	784	1112	1120	1134	1085	
777	768	782	836	1120	1133	1151	1143	
796	803	774	801	1132	1163	1099	1097	
823	780	832	801	1102	1113	1154	1134	
761	804	822	818	1157	1097	1155	1163	
799	771	819	762	1127	1093	1162	1128	
813	774	768	836	1093	1126	1096	1147	
792	818	796	774	1099	1150	1134	1130	
836	786	795	809	1146	1086	1093	1149	
793	830	834	784	1127	1100	1149	1152	
803	759	788	761	1115	1137	1147	1101	
802	793	810	767	1114	1130	1135	1086	
775	833	827	781	1148	1158	1161	1099	
832	829	774	780	1111	1128	1113	1163	
797	814	784	817	1111	1116	1156	1101	
783	799	820	817	1099	1143	1144	1089	
812	776	822	781	1156	1131	1162	1098	
789	836	756	809	1160	1144	1131	1107	
823	822	804	779	1102	1106	1133	1137	
817	798	836	786	1142	1090	1135	1162	
794	788	766	815	1147	1100	1109	1101	
758	777	823	835	1131	1162	1124	1120	
808	759	791	808	1153	1141	1107	1109	
833	795	816	771	1132	1086	1110	1147	
772	818	779	762	1103	1103	1126	1154	
788	760	829	793	1138	1104	1113	1155	
777	825	823	767	1149	1137	1115	1138	
780	832	787	827	1107	1137	1154	1148	
782	818	767	768	1141	1099	1115	1130	
789	822	764	775	1090	1134	1128	1126	
772	757	793	826	1152	1153	1084	1140	
791	780	833	827	1129	1136	1155	1111	
824	820	787	826	1100	1086	1153	1155	
772	820	774	823	1147	1091	1149	1116	
796	818	783	833	1139	1154	1104	1092	
823	760	814	797	1116	1123	1136	1096	
828	799	826	762	1104	1108	1133	1159	
804	763	757	812	1120	1096	1142	1098	
770	815	831	825	1090	1131	1154	1143	
782	836	761	805	1144	1135	1149	1090	
786	769	780	832	1156	1095	1129	1152	
817	769	804	758	1123	1085	1153	1132	
835	756	762	818	1148	1150	1099	1088	
804	824	772	783	1118	1133	1153	1131	
767	783	827	777	1101	1115	1145	1158	
819	767	790	763	1090	1117	1150	1088	
804	824	759	762	1149	1146	1093	1126	
795	780	810	834	1086	1142	1148	1110	
827	796	774	812	1155	1118	1127	1106	
832	821	769	757	1151	1097	1152	1093	
798	817	835	783	1147	1146	1110	1095	
774	805	764	826	1097	1094	1151	1145	
789	769	812	793	1142	1120	1089	1142	
783	790	829	771	1087	1163	1091	1111	
770	777	756	825	1125	1108	1084	1135	
771	798	756	798	1099	1148	1142	1126	
830	806	796	760	1122	1148	1093	1143	
819	778	783	835	1094	1154	1142	1143	
804	769	818	805	1155	1138	1163	1099	
831	781	765	768	1144	1094	1124	1084	
765	766	833	827	1086	1094	1085	1159	
790	829	787	815	1104	1099	1137	1144	
826	784	811	768	1123	1153	1086	1139	
828	816	759	806	1110	1156	1109	1115	
779	759	785	832	1099	1103	1093	1131	
825	778	828	770	1139	1113	1100	1148	
776	781	823	806	1121	1090	1143	1084	
764	791	776	772	1099	1153	1140	1149	
807	764	833	794	1098	1149	1094	1146	
788	789	808	833	1145	1161	1129	1151	
832	805	803	812	1087	1134	1094	1115	
782	811	764	766	1138	1135	1102	1094	
805	758	778	829	1088	1147	1093	1159	
758	802	761	832	1131	1094	1115	1152	
777	780	817	815	1131	1140	1143	1087	
805	799	813	775	1118	1146	1159	1112	
762	787	801	756	1149	1115	1087	1153	
830	832	788	777	1147	1094	1152	1091	
772	776	799	814	1121	1127	1132	1109	
782	779	809	799	1135	1132	1084	1091	
788	825	834	800	1159	1097	1089	1162	
802	792	817	765	1107	1108	1158	1144	
781	833	788	812	1110	1145	1158	1096	
763	836	809	767	1120	1084	1094	1130	
802	789	820	797	1102	1157	1150	1161	
773	809	784	801	1112	1093	1108	1163	
812	776	773	826	1113	1086	1151	1095	
792	809	795	800	1098	1161	1152	1132	
813	800	782	812	1089	1107	1160	1155	
808	782	810	792	1137	1109	1129	1103	
773	779	826	761	1158	1120	1111	1131	
807	808	764	759	1136	1113	1092	1158	
774	783	822	803	1134	1122	1096	1093	
805	816	813	774	1149	1163	1106	1100	
819	808	765	824	1150	1128	1085	1150	
771	810	790	820	1146	1153	1110	1119	
808	775	781	816	1121	1143	1105	1161	
791	831	771	769	1111	1152	1102	1086	
816	814	766	802	1150	1095	1156	1092	
821	773	779	778	1143	1135	1089	1102	
803	779	826	790	1138	1114	1116	1160	
769	775	788	786	1109	1094	1130	1130	
785	789	778	830	1149	1097	1156	1114	
820	765	823	817	1101	1139	1157	1127	
813	830	799	824	1123	1113	1161	1096	
797	829	756	791	1139	1138	1111	1087	
781	820	788	797	1124	1101	1089	1161	
780	814	831	768	1095	1102	1143	1116	
815	829	760	777	1103	1091	1140	1097	
764	834	805	786	1133	1128	1119	1137	
765	834	762	832	1128	1090	1147	1091	
783	778	775	833	1109	1122	1102	1117	
792	817	816	777	1141	1139	1107	1123	
798	768	807	833	1134	1110	1086	1144	
835	758	781	758	1094	1153	1157	1090	
819	779	786	823	1149	1122	1125	1100	
784	836	831	769	1098	1128	1163	1102	
829	766	788	770	1140	1100	1104	1090	
784	834	780	769	1153	1085	1093	1131	
784	781	796	801	1144	1136	1149	1095	
812	772	806	758	1090	1124	1132	1136	
787	815	831	790	1092	1146	1147	1120	
827	801	763	772	1118	1087	1136	1098	
816	799	763	817	1088	1113	1156	1107	
819	778	786	758	1138	1101	1144	1106	
777	829	768	824	1104	1094	1157	1121	
776	812	825	811	1160	1113	1100	1134	
756	813	833	794	1128	1112	1144	1101	
817	767	761	822	1130	1130	1145	1084	
761	836	818	759	1093	1105	1157	1143	
758	818	817	781	1154	1156	1146	1085	
825	828	781	772	1115	1107	1140	1110	
811	807	779	826	1143	1114	1118	1091	
769	831	835	762	1142	1112	1161	1104	
818	759	813	775	1113	1117	1152	1099	
767	810	756	767	1126	1097	1137	1156	
814	790	824	759	1128	1122	1158	1100	
759	836	799	768	1121	1141	1120	1095	
789	781	771	802	1141	1131	1084	1130	
802	831	823	766	1088	1124	1097	1145	
828	835	772	771	1140	1084	1151	1134	
792	823	781	773	1140	1110	1146	1119	
815	781	793	759	1122	1148	1116	1138	
811	813	768	826	1084	1118	1106	1129	
786	814	783	756	1163	1091	1120	1128	
807	796	766	767	1139	1159	1103	1133	
793	761	786	788	1123	1131	1134	1096	
815	797	777	835	1101	1121	1121	1160	
789	828	788	825	1162	1115	1142	1145	
788	784	803	782	1116	1135	1084	1087	
790	830	797	768	1098	1118	1147	1157	
835	764	831	760	1138	1126	1134	1162	
812	757	783	836	1137	1122	1117	1150	
760	833	761	775	1111	1106	1113	1094	
772	830	758	807	1126	1157	1091	1160	
777	774	828	835	1113	1099	1134	1114	
781	765	800	826	1121	1116	1161	1085	
795	791	827	810	1119	1086	1154	1138	
803	814	769	815	1086	1104	1159	1163	
769	768	757	788	1144	1124	1162	1134	
811	783	818	760	1140	1142	1088	1114	
778	815	778	772	1115	1103	1131	1111	
832	833	773	769	1161	1095	1107	1126	
795	760	777	778	1155	1110	1114	1095	
803	822	819	760	1107	1113	1162	1137	
789	824	832	764	1120	1085	1089	1134	
796	813	772	836	1153	1117	1156	1089	
788	805	760	809	1086	1135	1145	1156	
812	773	784	832	1087	1121	1155	1111	
815	808	803	786	1101	1143	1090	1160	
772	836	785	816	1159	1119	1157	1093	
823	825	814	836	1104	1141	1097	1138	
830	772	776	832	1111	1092	1109	1142	
821	821	807	760	1110	1134	1122	1154	
794	813	766	821	1094	1132	1157	1154	
805	782	802	756	1156	1095	1141	1138	
779	776	777	828	1141	1139	1096	1087	
801	826	757	765	1130	1119	1096	1132	
802	778	758	828	1160	1154	1111	1087	
764	771	833	820	1125	1096	1102	1146	
784	784	829	786	1107	1125	1099	1163	
756	815	828	776	1136	1149	1091	1156	
777	785	763	811	1130	1122	1087	1128	
809	803	763	784	1089	1136	1106	1107	
787	760	768	807	1112	1137	1085	1125	
814	830	830	769	1092	1107	1161	1147	
777	835	797	823	1101	1150	1093	1159	
777	776	829	776	1129	1129	1097	1132	
773	817	806	811	1120	1149	1121	1155	
781	798	804	836	1124	1146	1086	1155	
817	784	807	759	1127	1094	1159	1122	
789	757	814	784	1119	1131	1138	1107	
819	766	813	759	1114	1096	1119	1099	
761	812	775	790	1149	1114	1107	1111	
756	762	812	794	1134	1133	1087	1135	
790	794	821	773	1136	1098	1131	1093	
816	774	825	795	1095	1114	1162	1098	
770	790	791	795	1146	1159	1099	1142	
801	800	828	773	1157	1133	1136	1085	
787	830	777	804	1147	1143	1086	1147	
771	807	776	771	1101	1129	1124	1099	
796	761	810	833	1092	1106	1138	1152	
801	767	812	801	1123	1158	1095	1125	
804	782	803	781	1163	1127	1161	1098	
808	780	793	758	1114	1109	1107	1102	
817	771	793	774	1125	1145	1087	1126	
770	821	772	826	1161	1093	1143	1090	
785	834	784	813	1144	1120	1098	1107	
801	786	769	828	1152	1160	1101	1145	
814	819	765	772	1126	1142	1089	1122	
811	775	835	785	1155	1103	1106	1105	
783	786	775	816	1114	1119	1109	1084	
789	769	811	806	1116	1137	1103	1163	
793	759	783	767	1118	1114	1111	1143	
835	820	816	829	1096	1119	1156	1086	
831	834	818	779	1146	1118	1138	1100	
765	810	769	777	1107	1108	1106	1095	
784	830	763	770	1116	1130	1105	1118	
811	778	797	756	1125	1101	1161	1139	
787	762	801	821	1163	1094	1089	1135	
832	776	773	813	1125	1150	1084	1111	
833	832	774	822	1116	1090	1156	1097	
762	816	788	774	1103	1155	1130	1162	
796	814	829	763	1113	1157	1135	1126	
791	795	823	769	1112	1120	1145	1102	
781	785	769	828	1121	1087	1133	1161	
799	759	780	832	1158	1125	1109	1157	
778	778	828	820	1129	1102	1141	1092	
794	835	828	784	1147	1109	1112	1161	
773	780	809	761	1137	1141	1123	1154	
760	807	761	817	1143	1142	1086	1151	
805	760	775	775	1129	1102	1132	1094	
824	778	771	793	1100	1151	1118	1137	
800	822	793	773	1153	1092	1127	1137	
835	789	761	800	1161	1095	1099	1159	
782	788	823	761	1120	1134	1100	1132	
766	795	836	779	1108	1135	1133	1155	
799	819	807	777	1150	1136	1134	1084	
805	766	821	833	1162	1105	1143	1096	
775	808	808	757	1102	1086	1104	1148	
819	773	759	826	1127	1137	1089	1136	
815	808	773	827	1096	1140	1134	1144	
761	758	829	757	1133	1136	1136	1152	
772	823	777	785	1090	1151	1121	1163	
834	809	786	769	1137	1084	1090	1126	
771	786	820	791	1123	1126	1127	1116	
792	823	756	788	1149	1090	1129	1153	
830	831	815	789	1109	1136	1135	1103	
756	776	776	825	1085	1135	1098	1139	
818	770	826	835	1084	1137	1115	1124	
760	831	757	806	1102	1090	1149	1126	
801	807	766	822	1097	1120	1159	1087	
770	803	757	834	1098	1110	1159	1096	
797	813	768	762	1095	1141	1110	1132	
806	759	787	769	1142	1098	1098	1129	
788	825	758	828	1145	1149	1098	1096	
765	815	829	822	1128	1155	1156	1101	
792	836	777	799	1127	1087	1160	1099	
821	766	770	758	1109	1118	1156	1084	
833	759	809	761	1153	1108	1120	1105	
834	826	781	800	1099	1128	1107	1121	
767	779	829	834	1106	1096	1134	1126	
762	775	813	818	1137	1139	1160	1103	
778	769	813	818	1138	1109	1125	1092	
823	770	800	808	1086	1121	1105	1140	
788	795	822	813	1092	1151	1120	1105	
832	783	775	756	1149	1090	1147	1135	
759	770	810	805	1126	1112	1138	1150	
807	809	765	826	1118	1135	1148	1152	
792	820	790	770	1152	1128	1114	1084	
792	832	818	757	1145	1100	1131	1137	
836	821	773	774	1129	1134	1095	1163	
836	830	759	828	1100	1108	1149	1129	
793	768	819	783	1112	1104	1113	1146	
825	822	757	759	1086	1143	1128	1103	
782	766	832	760	1161	1158	1135	1117	
829	806	804	773	1129	1159	1098	1154	
773	790	833	825	1128	1132	1135	1097	
757	817	787	803	1096	1117	1150	1136	
817	786	775	829	1163	1089	1110	1124	
816	836	795	777	1141	1123	1136	1154	
776	761	807	757	1117	1085	1144	1104	
815	801	815	836	1154	1115	1144	1123	
831	811	773	757	1084	1154	1105	1089	
812	824	774	761	1148	1110	1115	1163	
759	798	830	776	1086	1107	1137	1154	
832	803	795	816	1096	1154	1125	1146	
796	758	780	816	1123	1096	1138	1163	
826	769	770	827	1154	1117	1122	1138	
784	820	761	835	1142	1116	1158	1097	
823	809	764	802	1119	1141	1111	1107	
801	830	763	791	1095	1146	1088	1115	
800	764	770	815	1096	1132	1155	1131	
834	804	778	831	1124	1090	1145	1144	
815	764	814	836	1123	1114	1158	1099	
805	822	808	779	1163	1109	1098	1149	
770	802	776	782	1091	1111	1108	1100	
774	802	819	828	1091	1137	1131	1123	
814	799	799	761	1136	1135	1147	1155	
826	757	835	787	1116	1110	1151	1127	
777	830	769	771	1159	1155	1093	1096	
765	833	831	775	1138	1088	1099	1157	
793	831	826	773	1133	1097	1159	1093	
773	824	762	815	1112	1129	1159	1092	
801	808	807	765	1145	1137	1148	1139	
799	779	797	790	1124	1133	1121	1093	
827	773	813	775	1163	1154	1096	1097	
802	826	808	831	1122	1153	1143	1093	
778	792	757	828	1137	1109	1095	1107	
807	819	829	828	1102	1154	1113	1117	
793	788	809	804	1108	1099	1135	1147	
778	765	823	758	1121	1145	1160	1159	
790	764	773	779	1091	1132	1136	1159	
797	835	818	785	1124	1110	1106	1112	
775	805	780	805	1118	1146	1102	1141	
827	768	781	783	1126	1121	1138	1144	
803	758	781	777	1091	1136	1101	1155	
808	787	805	784	1084	1152	1090	1094	
772	778	833	835	1141	1156	1138	1107	
765	817	790	757	1098	1158	1112	1098	
769	777	830	795	1094	1098	1139	1148	
800	833	785	767	1115	1089	1157	1090	
770	790	769	820	1142	1119	1138	1089	
818	833	818	764	1151	1109	1094	1098	
760	835	784	758	1152	1101	1115	1086	
827	762	832	792	1132	1103	1159	1127	
766	794	772	784	1134	1140	1117	1131	
805	763	822	828	1102	1159	1125	1151	
813	806	786	756	1092	1090	1151	1116	
807	819	833	756	1130	1107	1152	1091	
818	758	819	801	1152	1089	1089	1142	
768	770	793	799	1124	1158	1092	1158	
791	818	759	796	1092	1106	1121	1154	
789	831	781	817	1103	1149	1124	1153	
799	796	792	802	1095	1103	1144	1131	
770	821	813	821	1103	1142	1151	1120	
758	827	828	809	1086	1097	1102	1154	
817	765	777	829	1126	1162	1116	1086	
796	811	827	776	1088	1102	1135	1114	
762	835	767	786	1114	1139	1127	1152	
836	778	816	771	1159	1159	1093	1120	
793	829	775	780	1149	1124	1104	1096	
811	796	773	774	1156	1119	1119	1095	
815	813	780	770	1099	1105	1152	1151	
800	828	790	824	1120	1110	1089	1124	
807	818	825	768	1137	1133	1137	1107	
802	758	806	759	1158	1123	1149	1116	
818	781	788	825	1144	1161	1129	1131	
766	766	767	833	1108	1111	1154	1089	
817	822	820	759	1142	1163	1118	1101	
776	807	795	760	1118	1116	1137	1150	
768	792	772	811	1113	1139	1150	1123	
790	818	769	766	1155	1153	1108	1097	
778	815	798	767	1133	1155	1101	1143	
783	817	828	827	1126	1120	1107	1145	
815	776	765	769	1142	1105	1147	1135	
807	781	824	764	1158	1104	1159	1101	
773	810	794	812	1099	1159	1092	1151	
799	769	825	764	1132	1149	1099	1087	
789	758	820	805	1156	1085	1116	1136	
760	807	793	824	1123	1084	1161	1115	
815	763	833	766	1091	1154	1084	1151	
773	783	762	829	1093	1096	1143	1154	
832	766	783	788	1161	1140	1128	1124	
821	791	778	831	1107	1097	1088	1156	
763	795	776	814	1162	1155	1155	1110	
776	758	835	794	1120	1114	1136	1114	
835	819	782	760	1157	1107	1157	1097	
771	800	796	803	1124	1097	1161	1125	
818	780	820	834	1135	1114	1084	1129	
803	819	810	759	1146	1105	1112	1159	
807	784	791	827	1128	1115	1141	1104	
791	785	815	804	1104	1132	1147	1086	
794	796	757	812	1103	1124	1122	1154	
832	777	779	778	1121	1111	1108	1161	
758	790	787	827	1157	1131	1105	1152	
818	757	836	789	1099	1118	1121	1156	
759	764	800	834	1151	1088	1116	1129	
822	812	807	761	1131	1108	1088	1109	
784	822	773	764	1101	1156	1162	1154	
765	792	835	777	1155	1096	1138	1113	
779	795	769	832	1085	1125	1093	1092	
791	796	818	825	1131	1093	1119	1108	
835	761	801	790	1117	1108	1086	1150	
771	823	828	760	1097	1097	1101	1160	
765	765	813	821	1131	1097	1102	1159	
779	817	832	817	1127	1093	1105	1114	
798	814	831	765	1104	1112	1127	1107	
791	804	759	814	1118	1152	1099	1136	
774	794	821	762	1104	1128	1090	1163	
800	780	822	805	1094	1130	1086	1149	
785	770	816	767	1150	1084	1151	1156	
820	761	767	822	1112	1126	1161	1094	
824	779	808	768	1118	1088	1106	1147	
814	781	832	774	1120	1128	1099	1156	
797	771	820	777	1113	1102	1123	1141	
800	797	810	823	1096	1104	1099	1151	
771	832	817	763	1151	1104	1088	1161	
804	798	809	832	1096	1123	1108	1129	
813	770	816	758	1092	1108	1097	1156	
762	790	815	763	1139	1142	1140	1091	
785	803	793	834	1099	1117	1118	1163	
800	836	807	800	1154	1111	1149	1094	
805	826	820	758	1088	1157	1141	1133	
828	779	770	774	1149	1093	1084	1163	
797	762	786	798	1091	1113	1087	1151	
791	830	796	758	1145	1157	1150	1091	
828	786	834	762	1101	1142	1162	1156	
826	802	769	771	1160	1111	1146	1130	
767	780	758	795	1146	1117	1129	1135	
823	836	808	762	1120	1113	1160	1119	
802	803	790	828	1155	1094	1098	1103	
835	799	773	758	1135	1135	1146	1087	
791	759	818	761	1088	1123	1106	1149	
807	797	780	773	1136	1089	1096	1147	
756	824	818	762	1121	1141	1158	1100	
775	766	804	835	1140	1145	1105	1145	
834	795	764	835	1146	1095	1158	1128	
786	817	818	767	1115	1091	1123	1141	
796	803	802	829	1128	1133	1106	1123	
813	758	796	767	1084	1153	1138	1150	
835	810	774	765	1148	1094	1102	1130	
816	784	765	756	1116	1150	1133	1086	
825	792	789	828	1091	1102	1111	1154	
823	770	808	777	1110	1123	1126	1102	
803	830	827	758	1089	1109	1108	1130	
826	791	769	769	1121	1094	1138	1090	
770	824	812	782	1147	1140	1084	1093	
827	816	800	783	1125	1088	1116	1154	
774	831	813	800	1138	1143	1128	1092	
790	805	785	790	1114	1135	1149	1101	
