L1	L2	L3	L4	R1	R2	R3	R4	
815	776	786	769	1094	1155	1161	1107	
791	773	811	757	1094	1140	1126	1111	
798	834	771	777	1124	1099	1153	1146	
763	815	835	799	1113	1103	1113	1157	
790	761	769	830	1091	1148	1152	1088	
783	795	804	768	1154	1091	1104	1153	
816	803	756	816	1149	1134	1162	1106	
813	793	821	773	1102	1085	1163	1157	
770	782	832	833	1107	1144	1091	1161	
807	804	792	804	1114	1084	1116	1118	
792	774	803	783	1152	1109	1088	1116	
765	798	804	782	1100	1098	1153	1148	
763	769	780	809	1106	1129	1111	1104	
817	817	765	832	1105	1157	1111	1102	
825	810	814	779	1089	1158	1143	1155	
779	771	766	811	1096	1142	1120	1084	
834	777	806	794	1096	1114	1129	1151	
773	782	757	813	1094	1162	1088	1149	
818	806	759	783	1087	1138	1146	1109	
769	766	806	777	1103	1152	1137	1084	
772	758	831	799	1152	1151	1156	1116	
825	778	766	829	1105	1102	1152	1090	
759	829	826	814	1144	1119	1134	1158	
817	809	763	799	1155	1157	1088	1098	
824	776	760	787	1153	1104	1154	1100	
813	819	766	832	1106	1139	1152	1126	
767	783	820	826	1128	1108	1158	1084	
793	836	833	809	1106	1162	1104	1147	
772	796	757	818	1115	1161	1159	1093	
799	757	831	782	1103	1087	1147	1159	
817	813	772	804	1112	1084	1115	1160	
835	813	777	757	1102	1123	1143	1087	
833	778	820	783	1113	1094	1148	1134	
783	765	823	826	1102	1159	1118	1160	
815	824	825	785	1094	1152	1105	1158	
803	769	835	834	1128	1155	1106	1095	
782	770	829	828	1128	1127	1120	1094	
807	789	773	828	1160	1130	1090	1108	
765	812	792	756	1096	1087	1158	1155	
789	803	781	768	1126	1109	1085	1162	
762	830	813	782	1122	1157	1121	1086	
815	803	782	824	1150	1102	1150	1160	
827	783	798	756	1144	1093	1138	1126	
761	780	822	819	1146	1091	1124	1105	
829	760	808	813	1141	1156	1093	1112	
787	776	825	782	1133	1109	1089	1159	
802	764	756	828	1107	1142	1117	1090	
813	768	836	764	1105	1140	1136	1102	
795	786	756	815	1125	1101	1084	1160	
768	759	821	814	1135	1117	1161	1100	
817	757	780	803	1111	1093	1087	1161	
834	829	790	783	1134	1134	1152	1135	
770	832	778	817	1134	1084	1160	1106	
762	827	821	773	1119	1159	1119	1086	
823	834	791	787	1154	1085	1109	1119	
806	763	757	820	1150	1089	1086	1105	
760	771	814	827	1134	1159	1096	1162	
828	820	797	836	1145	1120	1131	1140	
756	835	833	798	1096	1096	1130	1136	
833	799	773	756	1133	1159	1093	1120	
757	817	805	825	1123	1136	1142	1144	
816	830	779	764	1153	1160	1112	1142	
760	759	781	827	1155	1158	1091	1104	
834	764	790	787	1133	1123	1143	1138	
811	812	807	764	1142	1091	1102	1108	
825	818	821	763	1160	1117	1140	1161	
756	833	826	810	1113	1149	1088	1096	
796	820	777	779	1149	1100	1155	1096	
812	776	801	768	1142	1118	1135	1105	
761	809	797	764	1109	1162	1096	1136	
790	812	810	762	1126	1152	1131	1101	
773	801	796	769	1138	1131	1138	1116	
766	772	790	827	1151	1151	1142	1101	
836	814	774	760	1133	1104	1085	1097	
756	827	816	803	1092	1141	1102	1109	
779	787	798	816	1144	1086	1085	1139	
804	779	776	801	1131	1118	1143	1108	
794	777	826	834	1129	1091	1088	1143	
785	777	818	825	1140	1128	1088	1087	
756	807	776	781	1151	1091	1119	1151	
801	828	768	773	1105	1142	1107	1149	
758	800	812	831	1120	1149	1142	1137	
768	760	783	830	1161	1104	1097	1149	
793	834	767	777	1090	1138	1089	1149	
831	832	795	756	1134	1116	1114	1091	
818	826	802	779	1161	1106	1135	1115	
809	780	791	775	1136	1087	1125	1109	
791	795	833	799	1134	1145	1152	1095	
836	802	789	801	1098	1086	1155	1128	
766	826	802	770	1139	1145	1130	1093	
783	773	830	817	1114	1089	1143	1153	
806	808	777	779	1105	1099	1105	1145	
811	794	782	782	1135	1160	1119	1084	
765	823	805	832	1113	1102	1153	1099	
836	780	834	764	1088	1135	1112	1156	
805	806	773	817	1115	1157	1153	1087	
779	778	826	797	1156	1115	1158	1087	
833	779	767	768	1105	1125	1115	1161	
765	821	819	825	1085	1162	1085	1117	
789	808	825	763	1158	1107	1086	1152	
818	802	817	758	1121	1124	1123	1085	
827	794	769	807	1140	1116	1161	1163	
808	829	825	756	1094	1117	1154	1150	
826	817	768	813	1096	1122	1156	1112	
784	801	768	757	1151	1090	1108	1111	
776	786	819	794	1084	1158	1109	1161	
762	811	794	811	1116	1092	1096	1158	
770	826	807	763	1143	1128	1110	1105	
785	814	814	765	1140	1156	1163	1093	
834	774	813	782	1097	1127	1160	1160	
819	817	825	756	1095	1087	1151	1105	
777	771	806	815	1100	1153	1085	1095	
836	824	758	760	1125	1147	1161	1117	
820	762	785	813	1092	1094	1089	1125	
815	774	810	825	1120	1108	1086	1146	
761	808	818	799	1108	1099	1087	1120	
826	761	790	785	1147	1100	1136	1151	
772	822	777	786	1105	1159	1089	1110	
826	768	827	800	1159	1110	1121	1150	
797	812	762	787	1114	1096	1154	1156	
816	835	777	798	1129	1131	1104	1143	
801	766	830	794	1140	1089	1084	1088	
791	809	759	834	1084	1100	1158	1130	
824	796	761	836	1115	1137	1111	1143	
832	776	766	783	1136	1086	1084	1143	
782	799	791	780	1153	1147	1101	1157	
810	800	787	811	1159	1159	1103	1091	
815	818	764	829	1134	1107	1100	1146	
795	827	758	811	1104	1143	1104	1116	
785	758	816	814	1093	1130	1156	1134	
767	833	772	819	1129	1156	1149	1117	
816	812	835	782	1135	1112	1162	1086	
762	809	801	827	1154	1111	1101	1125	
813	766	782	836	1090	1130	1148	1147	
816	824	764	764	1114	1131	1110	1116	
832	809	768	759	1099	1096	1150	1152	
762	826	803	781	1085	1132	1122	1118	
821	810	770	800	1115	1157	1123	1093	
768	825	761	760	1133	1144	1111	1144	
825	819	760	763	1131	1124	1163	1111	
760	820	774	807	1110	1161	1084	1121	
833	789	765	803	1098	1087	1151	1141	
766	816	818	776	1141	1116	1160	1088	
830	771	810	757	1131	1088	1153	1093	
759	831	780	833	1092	1092	1142	1144	
771	775	781	832	1115	1092	1162	1101	
776	812	792	829	1108	1163	1161	1127	
785	801	824	775	1136	1088	1110	1091	
797	778	773	828	1101	1093	1148	1116	
809	761	811	762	1140	1135	1146	1098	
757	776	793	788	1157	1117	1101	1108	
817	772	828	833	1100	1129	1120	1108	
780	834	824	771	1123	1094	1121	1140	
835	775	775	821	1117	1132	1154	1094	
821	808	795	825	1085	1146	1161	1151	
797	807	781	829	1114	1136	1135	1099	
793	787	822	833	1155	1135	1089	1149	
767	819	761	826	1147	1124	1085	1121	
766	790	828	791	1127	1130	1130	1107	
762	822	784	813	1134	1101	1158	1102	
798	786	783	805	1160	1098	1100	1091	
784	836	826	828	1142	1087	1110	1162	
791	795	778	823	1085	1096	1089	1144	
800	799	834	787	1087	1129	1152	1088	
759	812	831	836	1142	1144	1099	1091	
817	807	779	787	1134	1132	1138	1117	
831	830	826	807	1139	1084	1155	1092	
764	760	786	830	1123	1104	1096	1151	
777	834	771	764	1156	1144	1140	1090	
783	769	820	822	1163	1099	1105	1103	
829	773	774	829	1130	1138	1087	1154	
808	813	823	777	1144	1086	1087	1140	
821	813	793	770	1131	1152	1135	1154	
779	774	794	802	1096	1144	1119	1159	
811	770	792	763	1123	1089	1121	1084	
792	796	791	833	1161	1126	1154	1088	
765	770	787	834	1142	1153	1109	1085	
772	816	817	823	1160	1156	1084	1149	
809	821	819	793	1111	1093	1144	1140	
760	767	819	817	1129	1131	1139	1092	
802	816	786	763	1142	1161	1131	1104	
801	833	775	794	1128	1158	1131	1142	
781	834	765	836	1125	1155	1142	1091	
826	800	768	781	1109	1115	1152	1134	
791	828	818	787	1101	1112	1089	1151	
789	830	789	817	1118	1123	1093	1152	
794	769	795	813	1153	1090	1112	1105	
775	835	825	804	1130	1147	1160	1158	
827	768	808	791	1146	1090	1137	1123	
812	787	760	827	1122	1122	1091	1148	
781	834	759	760	1096	1085	1110	1124	
814	826	765	762	1107	1120	1089	1143	
779	785	819	764	1150	1096	1162	1157	
823	767	781	781	1103	1101	1137	1103	
825	831	809	766	1109	1092	1111	1109	
820	786	831	816	1136	1154	1086	1138	
772	773	760	816	1085	1115	1157	1152	
757	817	800	794	1141	1134	1152	1132	
836	769	819	761	1162	1156	1089	1088	
796	800	761	827	1119	1156	1091	1145	
806	833	787	786	1089	1144	1123	1085	
816	780	801	836	1134	1137	1162	1125	
834	772	798	763	1116	1094	1161	1106	
774	816	834	759	1154	1085	1147	1093	
825	805	777	781	1092	1122	1123	1103	
809	771	816	789	1085	1154	1123	1102	
800	798	818	831	1086	1160	1143	1090	
787	817	815	826	1162	1084	1162	1159	
758	819	779	789	1089	1104	1092	1119	
834	773	830	790	1148	1124	1090	1129	
810	832	808	783	1096	1114	1137	1151	
807	800	772	803	1097	1091	1091	1155	
833	769	772	775	1097	1136	1157	1090	
816	760	760	821	1147	1118	1135	1116	
797	820	798	759	1091	1128	1105	1118	
785	796	825	828	1139	1113	1153	1085	
790	816	765	792	1151	1115	1099	1110	
772	756	789	821	1163	1163	1094	1088	
766	795	761	816	1089	1112	1116	1133	
795	764	816	762	1127	1129	1156	1089	
789	815	829	770	1156	1111	1159	1106	
803	782	822	799	1161	1103	1111	1156	
772	795	822	779	1141	1142	1105	1120	
795	783	834	778	1111	1094	1157	1150	
835	776	794	783	1119	1127	1148	1097	
831	803	808	770	1089	1148	1122	1158	
791	802	764	818	1156	1155	1139	1110	
777	817	822	828	1152	1149	1111	1090	
829	800	766	773	1163	1122	1110	1105	
772	784	830	808	1085	1142	1116	1106	
764	816	814	765	1144	1096	1095	1154	
776	801	835	762	1093	1137	1084	1135	
789	805	761	770	1160	1097	1100	1160	
780	781	832	776	1156	1127	1085	1121	
815	790	815	761	1134	1144	1154	1093	
828	761	807	788	1090	1160	1112	1120	
800	805	783	824	1110	1097	1153	1110	
762	783	829	833	1145	1114	1158	1142	
789	813	812	758	1090	1092	1153	1136	
782	764	758	768	1115	1092	1150	1093	
766	790	803	757	1102	1146	1163	1085	
801	761	777	830	1123	1099	1154	1117	
777	824	787	826	1093	1163	1092	1114	
781	769	831	831	1139	1156	1144	1090	
779	775	827	756	1109	1158	1109	1132	
771	773	769	836	1144	1092	1160	1100	
773	791	759	788	1101	1134	1154	1152	
823	770	819	781	1094	1089	1143	1154	
803	793	759	786	1143	1112	1144	1114	
834	771	774	825	1091	1148	1120	1111	
811	773	787	836	1108	1120	1140	1112	
761	818	830	774	1163	1127	1124	1157	
757	823	798	780	1135	1141	1142	1090	
809	799	820	818	1106	1105	1156	1101	
813	823	771	835	1119	1107	1093	1149	
777	784	780	815	1125	1097	1085	1132	
827	780	759	762	1091	1088	1131	1134	
834	777	783	767	1097	1159	1116	1143	
794	803	761	822	1114	1101	1131	1160	
763	798	781	764	1088	1144	1112	1108	
800	760	811	758	1153	1089	1156	1157	
804	794	816	804	1090	1116	1163	1159	
770	805	833	770	1097	1152	1135	1139	
791	776	832	825	1096	1138	1151	1143	
826	814	775	773	1129	1087	1120	1120	
810	818	758	762	1150	1105	1089	1119	
785	804	792	801	1107	1101	1086	1162	
792	822	788	769	1134	1110	1094	1161	
831	816	770	763	1143	1129	1104	1159	
826	796	763	816	1162	1133	1135	1127	
792	818	812	771	1091	1124	1150	1162	
829	831	770	835	1131	1091	1148	1126	
758	774	786	835	1113	1148	1110	1106	
801	759	818	761	1105	1101	1151	1161	
833	782	765	817	1148	1089	1136	1152	
802	776	823	783	1155	1161	1123	1110	
779	757	822	767	1120	1155	1108	1087	
803	787	816	759	1142	1091	1163	1132	
831	802	833	796	1094	1099	1157	1121	
824	759	820	832	1158	1104	1155	1092	
822	757	796	763	1098	1147	1152	1093	
766	826	778	818	1099	1156	1097	1146	
814	782	759	821	1086	1114	1130	1127	
808	835	816	810	1098	1104	1144	1094	
813	812	820	762	1123	1104	1103	1095	
798	777	809	821	1112	1132	1155	1092	
782	760	768	831	1109	1109	1084	1096	
825	831	772	793	1133	1143	1127	1114	
758	809	832	824	1148	1120	1163	1157	
770	811	808	826	1116	1134	1123	1154	
757	787	835	835	1143	1101	1161	1095	
790	796	824	802	1092	1125	1158	1087	
783	761	833	826	1119	1087	1141	1089	
825	771	757	833	1153	1105	1135	1092	
761	836	834	825	1159	1099	1101	1162	
756	784	761	836	1105	1111	1163	1161	
824	805	833	779	1124	1134	1141	1090	
815	833	798	763	1128	1100	1154	1106	
832	795	787	830	1118	1127	1096	1111	
805	810	802	784	1116	1087	1085	1096	
828	810	759	833	1116	1160	1133	1111	
791	833	782	799	1155	1113	1111	1158	
777	814	816	784	1141	1157	1084	1161	
766	819	774	823	1086	1100	1101	1121	
809	806	771	810	1129	1130	1139	1163	
811	811	760	822	1102	1107	1150	1150	
758	812	797	813	1125	1109	1118	1142	
825	784	777	757	1154	1089	1151	1100	
803	760	756	758	1152	1095	1138	1087	
833	767	806	831	1133	1107	1131	1104	
773	784	819	767	1123	1130	1141	1084	
827	782	765	776	1128	1141	1124	1100	
764	795	836	785	1139	1102	1125	1155	
835	824	796	806	1118	1153	1112	1085	
790	820	780	782	1151	1104	1108	1155	
794	778	827	814	1124	1109	1163	1105	
782	813	823	756	1101	1157	1106	1159	
829	769	826	762	1125	1093	1092	1160	
762	783	763	818	1107	1095	1159	1084	
833	773	802	835	1105	1104	1154	1153	
833	768	779	778	1109	1102	1160	1163	
796	801	769	835	1159	1144	1162	1097	
769	764	798	799	1141	1143	1123	1146	
811	798	770	829	1134	1115	1119	1103	
779	772	800	809	1136	1098	1143	1126	
808	783	816	775	1144	1086	1141	1142	
833	810	814	771	1134	1122	1143	1090	
768	780	834	833	1091	1142	1086	1156	
802	815	822	822	1161	1158	1104	1151	
765	772	832	785	1141	1127	1156	1091	
798	826	783	781	1121	1119	1115	1150	
829	814	810	766	1091	1094	1112	1163	
777	758	809	824	1106	1120	1089	1156	
817	778	798	813	1134	1084	1159	1152	
770	821	821	767	1153	1121	1118	1098	
782	801	818	832	1116	1149	1161	1103	
791	810	772	821	1158	1138	1110	1159	
828	763	827	761	1085	1145	1135	1137	
787	820	756	814	1156	1107	1104	1136	
799	834	772	801	1126	1150	1093	1136	
760	808	818	807	1131	1121	1091	1159	
759	818	812	764	1142	1149	1148	1087	
774	759	819	807	1138	1105	1123	1138	
811	806	811	760	1087	1160	1103	1102	
807	762	814	831	1144	1116	1157	1084	
779	834	796	759	1084	1151	1092	1150	
766	825	820	819	1148	1111	1100	1124	
811	777	784	812	1090	1091	1143	1099	
759	782	764	834	1125	1104	1130	1160	
769	807	770	828	1145	1121	1113	1120	
810	765	836	832	1120	1089	1135	1159	
777	831	819	778	1089	1131	1133	1159	
827	757	801	803	1100	1155	1146	1138	
832	812	764	779	1153	1146	1145	1163	
807	761	801	822	1145	1163	1160	1114	
783	833	780	787	1093	1113	1151	1088	
771	788	831	756	1106	1156	1109	1093	
782	770	784	830	1152	1126	1085	1158	
804	778	764	825	1128	1143	1142	1098	
783	833	799	794	1084	1102	1151	1157	
818	765	821	833	1108	1119	1139	1091	
809	789	775	792	1106	1098	1160	1113	
830	800	765	830	1115	1149	1126	1100	
778	809	770	820	1144	1163	1154	1106	
818	774	805	832	1115	1128	1143	1105	
805	757	795	802	1129	1108	1132	1132	
820	817	766	770	1141	1160	1150	1123	
829	796	765	829	1109	1139	1090	1144	
778	810	803	823	1161	1123	1128	1155	
833	769	769	766	1110	1162	1109	1090	
810	779	816	803	1089	1140	1159	1134	
829	804	765	786	1092	1154	1086	1159	
761	784	817	812	1160	1116	1149	1160	
830	827	777	781	1111	1098	1152	1084	
766	799	782	759	1096	1151	1084	1099	
792	823	761	813	1118	1103	1160	1162	
830	805	794	775	1127	1085	1109	1100	
792	832	763	823	1106	1138	1130	1158	
830	834	764	760	1113	1160	1112	1089	
789	756	766	758	1091	1138	1137	1085	
796	767	834	812	1102	1098	1150	1156	
765	824	826	819	1124	1088	1097	1160	
797	826	759	790	1149	1143	1148	1089	
799	762	808	833	1113	1142	1116	1151	
797	798	823	821	1141	1156	1145	1139	
825	757	765	833	1153	1143	1096	1138	
762	808	788	830	1150	1099	1112	1106	
778	786	829	821	1138	1101	1163	1088	
810	803	794	769	1110	1161	1094	1143	
822	763	762	824	1161	1107	1116	1112	
786	801	764	826	1089	1145	1147	1112	
761	789	791	808	1085	1160	1098	1102	
763	768	825	796	1103	1123	1148	1121	
760	814	793	783	1092	1154	1120	1133	
760	795	783	831	1090	1137	1119	1091	
777	833	786	812	1116	1158	1101	1101	
764	834	819	767	1104	1101	1148	1162	
809	768	770	821	1128	1101	1085	1141	
806	769	828	774	1139	1163	1102	1112	
758	807	816	796	1151	1096	1090	1145	
802	823	787	799	1127	1117	1094	1163	
772	764	793	832	1163	1152	1129	1125	
834	785	760	818	1155	1084	1156	1142	
759	816	791	777	1136	1091	1147	1084	
820	761	789	766	1101	1117	1127	1163	
761	829	778	821	1145	1120	1110	1161	
832	792	797	763	1112	1085	1155	1096	
788	760	778	835	1150	1162	1094	1088	
819	761	834	836	1161	1131	1115	1087	
776	765	794	825	1129	1137	1159	1144	
770	833	760	825	1110	1101	1155	1104	
762	817	775	770	1145	1104	1099	1152	
828	772	830	778	1098	1151	1092	1114	
833	777	773	765	1084	1142	1144	1128	
785	789	774	775	1113	1148	1155	1121	
789	786	758	819	1160	1115	1117	1143	
786	768	825	797	1128	1118	1113	1148	
760	812	809	809	1125	1094	1105	1136	
760	823	812	790	1111	1105	1087	1113	
773	791	779	831	1124	1148	1146	1090	
817	780	759	823	1150	1157	1138	1096	
787	784	827	761	1109	1118	1140	1142	
821	759	763	823	1140	1128	1087	1100	
764	767	830	819	1125	1136	1152	1097	
765	832	815	789	1095	1089	1129	1131	
809	758	834	773	1127	1124	1148	1153	
821	787	836	809	1161	1147	1148	1126	
812	768	759	784	1087	1140	1100	1122	
818	785	828	831	1126	1155	1093	1162	
801	820	805	817	1090	1133	1141	1160	
835	821	783	769	1162	1084	1113	1117	
832	833	798	799	1093	1102	1139	1157	
760	799	818	758	1162	1117	1101	1112	
804	756	807	804	1137	1117	1108	1103	
834	774	812	787	1104	1113	1122	1157	
775	771	808	809	1111	1158	1105	1146	
798	785	827	777	1102	1087	1160	1128	
763	783	794	826	1122	1153	1116	1103	
811	792	803	798	1103	1121	1161	1161	
758	832	765	827	1118	1153	1127	1084	
790	788	757	800	1129	1087	1151	1111	
811	805	791	835	1137	1113	1109	1120	
816	819	808	788	1105	1110	1113	1094	
760	815	835	829	1089	1159	1111	1156	
811	773	770	812	1104	1137	1159	1138	
772	834	827	777	1116	1125	1114	1135	
801	828	821	804	1155	1162	1093	1133	
763	805	811	809	1104	1162	1103	1116	
785	790	824	821	1144	1091	1144	1099	
772	815	820	772	1130	1089	1152	1154	
785	804	797	759	1094	1108	1084	1157	
772	821	790	768	1124	1131	1152	1114	
805	777	756	764	1110	1116	1159	1150	
797	812	784	775	1163	1127	1102	1112	
779	774	824	835	1108	1120	1129	1137	
778	758	799	832	1126	1144	1152	1112	
756	815	825	756	1157	1160	1105	1092	
757	783	836	836	1143	1093	1144	1135	
766	821	799	771	1098	1096	1098	1156	
804	785	769	825	1085	1141	1149	1091	
802	820	800	829	1163	1145	1099	1089	
813	818	790	760	1125	1142	1121	1125	
789	788	828	819	1114	1126	1140	1098	
820	821	770	761	1120	1157	1111	1154	
790	818	813	816	1128	1147	1142	1162	
772	762	782	822	1115	1105	1155	1112	
835	776	833	761	1128	1157	1098	1120	
805	763	814	816	1159	1104	1153	1099	
827	772	774	784	1134	1128	1112	1147	
827	804	770	811	1160	1096	1107	1161	
830	824	815	780	1155	1114	1084	1084	
782	794	772	766	1088	1141	1126	1144	
804	815	823	768	1096	1138	1142	1121	
831	777	833	790	1149	1114	1094	1092	
767	771	783	794	1124	1150	1093	1107	
811	823	764	763	1106	1125	1120	1090	
823	803	778	833	1084	1151	1124	1153	
809	779	826	825	1128	1136	1152	1097	
776	760	835	833	1084	1153	1102	1160	
758	834	782	823	1088	1112	1136	1144	
756	756	808	790	1141	1109	1150	1086	
765	825	762	766	1142	1090	1163	1141	
764	828	756	814	1141	1121	1105	1158	
763	826	811	788	1160	1104	1158	1148	
779	763	807	806	1090	1154	1106	1118	
758	814	811	761	1152	1131	1137	1094	
761	833	780	825	1140	1145	1147	1094	
783	807	791	831	1094	1125	1084	1093	
811	812	770	757	1136	1101	1086	1160	
780	767	804	797	1106	1138	1088	1084	
771	774	834	815	1156	1136	1109	1099	
792	768	829	796	1154	1142	1160	1119	
786	799	804	835	1086	1139	1141	1091	
834	764	774	801	1123	1140	1160	1114	
836	790	761	820	1098	1148	1119	1132	
834	808	771	793	1103	1141	1124	1135	
774	820	762	816	1150	1100	1157	1152	
798	833	761	799	1148	1134	1128	1115	
795	813	798	814	1163	1125	1152	1114	
825	779	793	818	1131	1092	1147	1099	
813	779	802	761	1111	1110	1144	1106	
785	831	798	807	1085	1094	1146	1160	
763	825	799	781	1107	1136	1124	1109	
760	794	791	812	1133	1132	1145	1135	
816	768	805	806	1152	1100	1088	1111	
784	815	756	797	1104	1152	1123	1148	
811	791	764	783	1114	1098	1152	1149	
760	797	819	831	1123	1154	1093	1145	
797	774	790	831	1148	1130	1144	1133	
765	776	830	836	1153	1159	1119	1157	
835	807	810	767	1149	1104	1088	1161	
802	756	808	831	1136	1105	1096	1151	
829	832	758	803	1160	1105	1138	1158	
777	800	766	794	1113	1089	1137	1155	
786	834	789	827	1158	1085	1119	1096	
820	817	813	771	1128	1114	1150	1158	
782	762	799	807	1097	1084	1141	1112	
814	786	758	813	1145	1143	1133	1140	
789	790	819	762	1088	1137	1146	1088	
783	797	835	766	1140	1147	1092	1090	
770	757	834	827	1149	1120	1121	1162	
791	782	784	783	1087	1105	1128	1147	
835	833	823	798	1118	1161	1140	1104	
779	833	791	819	1093	1096	1116	1138	
813	826	797	769	1121	1128	1103	1161	
818	791	796	757	1148	1134	1085	1127	
770	758	807	816	1135	1133	1094	1107	
781	820	757	833	1149	1101	1162	1147	
822	793	813	757	1130	1131	1086	1148	
765	775	813	781	1117	1145	1159	1105	
778	783	827	825	1089	1114	1146	1114	
803	760	835	790	1159	1142	1110	1094	
811	766	756	815	1126	1107	1162	1144	
775	759	815	796	1124	1142	1133	1095	
824	784	824	776	1113	1129	1159	1106	
758	763	774	831	1104	1128	1126	1153	
836	802	756	806	1099	1104	1162	1119	
765	829	783	810	1096	1085	1133	1161	
771	762	802	824	1125	1133	1084	1134	
808	836	788	761	1092	1117	1141	1130	
789	760	764	803	1154	1093	1090	1139	
811	761	825	758	1152	1090	1106	1160	
762	765	830	770	1114	1119	1122	1092	
786	772	765	771	1158	1087	1110	1116	
810	769	800	763	1145	1093	1158	1102	
759	832	829	801	1127	1136	1116	1090	
820	787	763	814	1134	1115	1150	1133	
773	811	778	764	1149	1160	1112	1110	
791	825	774	793	1162	1115	1154	1103	
832	818	826	776	1110	1121	1140	1139	
833	764	827	824	1153	1093	1095	1086	
828	811	822	767	1106	1159	1137	1124	
832	829	786	769	1148	1149	1104	1087	
773	805	826	765	1139	1145	1144	1092	
767	787	836	820	1123	1135	1156	1101	
826	799	800	765	1127	1086	1152	1161	
779	776	778	798	1090	1143	1154	1087	
761	808	808	769	1126	1125	1089	1148	
802	772	781	836	1102	1102	1157	1138	
801	782	808	829	1113	1127	1142	1160	
818	804	785	773	1097	1087	1121	1104	
816	759	771	765	1089	1112	1140	1146	
797	770	784	816	1136	1158	1136	1162	
824	794	759	777	1126	1113	1123	1084	
758	785	805	823	1131	1122	1144	1159	
764	829	835	803	1095	1162	1098	1149	
764	825	766	830	1102	1153	1121	1142	
799	806	825	762	1084	1115	1143	1126	
762	810	829	831	1146	1101	1149	1096	
791	777	784	817	1148	1093	1089	1139	
805	785	791	815	1089	1120	1095	1115	
763	788	817	799	1148	1142	1153	1118	
813	760	756	804	1162	1096	1163	1142	
800	772	823	775	1144	1116	1093	1159	
824	802	799	812	1094	1093	1143	1112	
832	829	807	761	1117	1118	1144	1146	
815	804	833	759	1120	1113	1143	1120	
808	835	762	827	1100	1153	1142	1117	
796	804	760	760	1088	1138	1121	1094	
782	763	830	762	1127	1133	1138	1094	
763	817	817	766	1141	1159	1150	1129	
811	791	783	777	1087	1142	1107	1159	
794	766	768	835	1093	1141	1096	1153	
818	818	816	762	1090	1141	1086	1103	
766	804	796	810	1158	1132	1100	1091	
826	757	827	826	1106	1089	1141	1086	
799	768	774	766	1097	1108	1147	1158	
813	759	824	759	1105	1151	1093	1115	
806	767	759	828	1152	1131	1101	1108	
819	835	836	782	1118	1151	1158	1097	
802	785	790	806	1147	1157	1108	1086	
761	793	788	803	1098	1108	1154	1163	
836	799	783	828	1086	1162	1151	1090	
805	825	790	828	1145	1092	1153	1143	
761	809	815	829	1156	1101	1136	1102	
771	758	795	794	1127	1149	1127	1084	
764	821	794	782	1160	1139	1104	1090	
799	821	817	766	1130	1096	1154	1128	
789	782	799	823	1135	1141	1096	1156	
782	787	825	757	1090	1150	1105	1108	
760	819	763	766	1093	1150	1107	1096	
785	763	802	824	1100	1153	1109	1153	
811	774	827	782	1114	1131	1142	1156	
835	767	757	834	1123	1147	1087	1094	
773	801	785	820	1109	1101	1156	1134	
759	826	788	823	1117	1151	1107	1093	
803	817	791	810	1139	1143	1086	1106	
769	820	819	830	1086	1142	1159	1104	
796	831	819	763	1104	1157	1150	1087	
763	772	767	780	1158	1089	1100	1157	
772	824	789	803	1100	1129	1135	1091	
817	774	822	820	1089	1093	1123	1149	
757	835	832	770	1090	1144	1141	1148	
806	833	757	756	1161	1139	1144	1084	
812	756	818	822	1149	1136	1141	1091	
777	799	833	827	1087	1127	1149	1162	
818	762	828	818	1145	1093	1157	1149	
826	791	831	807	1109	1103	1160	1151	
807	782	775	812	1136	1120	1109	1140	
796	782	817	809	1122	1133	1109	1105	
833	779	794	791	1149	1084	1124	1162	
830	780	764	818	1128	1107	1156	1100	
785	821	827	756	1143	1124	1087	1163	
764	832	793	826	1137	1138	1109	1084	
832	757	816	785	1106	1161	1128	1154	
771	818	829	792	1101	1117	1157	1157	
834	791	815	786	1124	1119	1144	1097	
816	819	759	815	1092	1134	1121	1085	
804	833	792	776	1099	1143	1162	1096	
803	780	777	836	1149	1137	1098	1085	
793	764	796	824	1158	1086	1135	1121	
808	797	769	836	1084	1097	1149	1128	
790	817	761	791	1097	1087	1151	1138	
802	821	756	793	1151	1090	1139	1148	
778	799	760	819	1143	1136	1127	1136	
807	760	784	818	1091	1154	1087	1100	
828	800	770	807	1107	1125	1143	1161	
811	809	786	772	1140	1111	1159	1086	
803	818	787	760	1157	1134	1096	1086	
790	826	775	757	1120	1138	1092	1103	
820	782	760	824	1152	1090	1109	1101	
794	788	764	803	1163	1131	1092	1119	
816	791	832	774	1161	1086	1151	1112	
829	791	835	778	1160	1147	1112	1089	
796	769	815	822	1128	1156	1153	1085	
817	760	769	762	1097	1110	1125	1161	
831	811	794	759	1146	1100	1116	1105	
835	779	788	823	1145	1144	1088	1123	
765	792	830	797	1160	1088	1097	1088	
776	822	825	776	1109	1132	1118	1142	
825	822	779	768	1087	1085	1152	1145	
822	768	791	778	1151	1085	1106	1119	
823	783	835	761	1085	1157	1090	1092	
818	801	786	833	1100	1114	1140	1125	
785	826	773	764	1091	1160	1143	1116	
830	792	794	770	1131	1163	1124	1109	
763	816	769	768	1137	1086	1118	1094	
800	813	817	758	1112	1163	1138	1086	
781	814	774	790	1089	1109	1153	1119	
811	822	756	813	1145	1090	1153	1124	
775	795	771	834	1127	1149	1123	1094	
787	828	760	764	1094	1107	1144	1110	
781	833	769	770	1153	1084	1100	1161	
795	814	795	821	1096	1150	1119	1146	
789	781	777	770	1105	1160	1107	1115	
769	832	757	824	1134	1109	1144	1162	
796	809	830	781	1133	1095	1087	1159	
775	765	825	775	1094	1161	1134	1099	
824	832	785	768	1100	1105	1142	1091	
817	835	757	770	1150	1142	1103	1085	
824	757	776	812	1116	1111	1158	1100	
827	829	790	768	1145	1109	1121	1094	
768	775	835	807	1135	1162	1137	1086	
775	820	781	773	1099	1111	1154	1157	
793	790	812	757	1105	1156	1112	1101	
814	762	819	817	1153	1148	1089	1087	
760	815	769	821	1140	1119	1155	1085	
818	791	822	761	1106	1086	1118	1140	
834	831	786	784	1117	1135	1130	1094	
809	763	813	759	1110	1145	1112	1110	
791	766	804	825	1121	1156	1102	1132	
835	780	831	793	1090	1111	1127	1111	
757	814	824	771	1123	1137	1141	1158	
767	772	833	807	1125	1135	1107	1084	
774	773	811	774	1157	1100	1088	1131	
785	780	798	824	1159	1098	1121	1103	
791	803	768	825	1131	1101	1110	1141	
832	836	766	778	1161	1090	1089	1139	
779	769	833	806	1113	1129	1139	1091	
818	821	767	760	1131	1105	1098	1163	
761	793	768	814	1136	1098	1092	1106	
760	785	794	819	1104	1117	1159	1157	
777	826	801	765	1104	1155	1157	1084	
759	818	821	812	1088	1131	1144	1125	
827	760	808	818	1113	1151	1092	1105	
805	761	808	827	1159	1147	1094	1107	
814	820	789	758	1154	1091	1146	1093	
768	814	762	810	1131	1160	1127	1113	
776	831	761	814	1122	1134	1101	1124	
769	815	819	761	1126	1144	1091	1158	
801	806	831	789	1108	1130	1098	1144	
815	836	810	757	1126	1147	1159	1111	
768	823	780	783	1152	1153	1142	1096	
812	757	823	828	1156	1118	1093	1089	
812	807	793	769	1142	1089	1115	1112	
829	774	778	793	1109	1126	1108	1158	
759	819	763	762	1113	1118	1163	1149	
760	809	784	828	1107	1094	1133	1137	
812	774	808	765	1099	1124	1142	1159	
814	798	793	772	1118	1111	1121	1161	
767	788	816	829	1149	1147	1100	1097	
771	825	813	830	1160	1094	1152	1098	
775	785	810	813	1142	1093	1096	1162	
819	819	799	827	1096	1086	1112	1148	
785	825	770	823	1109	1111	1089	1085	
805	773	832	771	1148	1101	1124	1157	
808	778	765	772	1087	1134	1128	1151	
820	809	783	767	1138	1144	1151	1124	
768	800	765	836	1125	1130	1163	1108	
803	800	768	794	1145	1089	1108	1111	
831	781	833	792	1086	1158	1149	1137	
796	817	834	766	1092	1097	1084	1149	
771	772	830	816	1141	1124	1088	1163	
796	828	820	766	1107	1135	1098	1153	
777	775	807	820	1152	1105	1150	1120	
830	797	764	796	1145	1106	1096	1157	
819	764	781	762	1146	1086	1087	1084	
799	812	815	811	1106	1090	1151	1092	
758	823	757	836	1102	1120	1163	1150	
777	835	790	761	1100	1157	1091	1122	
814	812	769	802	1091	1139	1114	1105	
806	821	780	819	1143	1157	1098	1148	
781	809	833	758	1158	1159	1096	1101	
794	787	820	820	1091	1102	1089	1150	
797	790	812	816	1150	1144	1092	1155	
774	820	817	775	1161	1131	1137	1099	
776	798	758	819	1143	1098	1123	1156	
764	817	783	820	1108	1162	1131	1090	
832	799	769	810	1110	1159	1134	1099	
783	832	798	779	1136	1092	1139	1131	
763	834	764	808	1086	1145	1136	1132	
780	828	775	796	1084	1150	1142	1104	
762	807	788	834	1084	1140	1129	1103	
824	773	756	823	1126	1136	1123	1138	
822	765	816	784	1158	1162	1088	1139	
756	760	808	824	1101	1148	1160	1163	
809	785	829	829	1160	1150	1111	1087	
780	766	828	811	1135	1104	1144	1112	
775	762	822	832	1084	1097	1149	1142	
768	805	790	810	1144	1133	1126	1088	
777	818	831	769	1149	1098	1097	1141	
814	798	771	828	1098	1118	1144	1101	
827	765	766	803	1148	1092	1102	1099	
761	810	806	766	1107	1129	1090	1158	
757	765	833	802	1107	1102	1161	1149	
812	771	781	772	1149	1112	1162	1139	
798	806	762	806	1114	1163	1142	1116	
808	772	756	803	1097	1084	1162	1095	
792	824	805	800	1146	1159	1160	1154	
764	812	808	816	1112	1144	1091	1163	
760	782	812	813	1103	1163	1139	1163	
831	777	763	829	1127	1088	1097	1090	
761	819	804	767	1092	1153	1116	1138	
772	756	824	800	1153	1124	1150	1101	
812	829	805	827	1129	1148	1091	1086	
785	813	814	761	1112	1138	1149	1095	
779	793	780	764	1105	1089	1095	1163	
786	770	794	769	1116	1157	1110	1104	
836	830	779	791	1096	1156	1130	1144	
812	772	784	757	1148	1123	1117	1155	
776	831	823	772	1127	1144	1100	1107	
825	770	810	806	1140	1097	1138	1153	
768	813	767	774	1116	1096	1143	1086	
757	833	777	811	1148	1108	1123	1097	
799	832	832	775	1088	1149	1147	1118	
781	786	809	833	1154	1114	1107	1139	
822	767	823	760	1137	1113	1085	1111	
775	814	803	799	1117	1142	1126	1133	
782	815	768	835	1105	1089	1163	1112	
793	817	775	774	1086	1145	1141	1160	
828	784	767	821	1133	1127	1128	1139	
809	777	817	763	1099	1140	1088	1118	
828	760	772	804	1144	1110	1109	1125	
829	821	822	761	1118	1152	1098	1128	
775	822	793	766	1126	1154	1151	1091	
801	766	820	772	1090	1096	1158	1162	
818	798	782	814	1111	1127	1084	1131	
830	775	768	767	1145	1088	1098	1155	
762	764	832	804	1142	1162	1148	1124	
775	794	802	765	1125	1108	1155	1103	
788	817	799	794	1114	1106	1106	1162	
803	774	793	771	1111	1116	1115	1161	
813	770	836	799	1134	1092	1137	1146	
834	764	788	826	1129	1113	1152	1088	
777	824	762	758	1125	1148	1108	1097	
818	836	781	772	1104	1106	1131	1152	
831	757	822	790	1096	1112	1125	1123	
799	793	821	778	1161	1115	1091	1135	
769	782	809	805	1091	1112	1107	1154	
801	832	834	809	1121	1116	1111	1159	
820	800	774	783	1086	1095	1148	1106	
788	809	756	796	1102	1152	1088	1120	
778	759	832	756	1128	1135	1112	1151	
770	795	791	802	1096	1142	1159	1100	
825	828	774	776	1114	1163	1137	1089	
834	810	775	762	1123	1090	1094	1115	
786	835	778	787	1112	1095	1119	1136	
796	829	759	759	1088	1141	1163	1125	
786	771	790	825	1129	1109	1140	1097	
800	823	765	810	1110	1148	1151	1106	
785	797	767	817	1150	1116	1098	1158	
777	761	767	827	1097	1155	1105	1143	
818	765	782	756	1162	1114	1141	1100	
810	804	790	763	1125	1100	1145	1157	
804	768	756	812	1112	1142	1100	1092	
766	816	826	829	1103	1096	1154	1119	
791	830	768	779	1122	1146	1088	1119	
794	779	789	813	1159	1094	1146	1110	
775	835	784	817	1117	1111	1155	1161	
791	807	823	816	1130	1131	1145	1122	
766	820	757	759	1149	1116	1137	1089	
811	765	798	804	1107	1109	1115	1155	
799	829	824	821	1100	1102	1148	1152	
795	793	811	764	1162	1153	1117	1109	
833	790	756	810	1153	1118	1139	1141	
763	766	816	804	1149	1115	1108	1103	
833	783	809	774	1107	1146	1101	1106	
766	821	761	835	1152	1109	1144	1159	
822	809	820	813	1152	1146	1156	1086	
796	819	764	758	1087	1125	1139	1094	
829	826	761	835	1141	1106	1093	1150	
761	772	813	786	1139	1100	1152	1111	
835	775	830	829	1163	1107	1152	1135	
800	815	759	832	1121	1113	1092	1144	
812	794	756	824	1158	1134	1100	1149	
804	757	768	806	1154	1099	1146	1091	
788	793	814	832	1131	1102	1095	1122	
803	760	791	765	1145	1124	1102	1122	
788	765	835	799	1086	1107	1140	1088	
777	822	761	809	1088	1146	1085	1092	
799	829	758	796	1096	1137	1115	1137	
803	817	818	825	1141	1136	1085	1102	
816	829	831	778	1099	1159	1146	1122	
814	810	776	760	1120	1111	1086	1153	
789	760	762	826	1149	1111	1097	1087	
776	813	826	781	1134	1089	1144	1097	
797	832	794	826	1093	1086	1123	1161	
824	798	793	782	1145	1132	1160	1094	
824	811	817	756	1111	1159	1155	1102	
784	794	798	826	1103	1104	1148	1144	
766	779	780	836	1101	1126	1088	1155	
783	793	767	810	1158	1125	1152	1088	
835	759	825	824	1123	1103	1147	1156	
811	814	760	830	1132	1103	1095	1130	
802	821	805	825	1158	1102	1121	1146	
784	778	801	821	1137	1146	1138	1140	
817	802	799	759	1138	1109	1118	1111	
816	811	781	767	1133	1134	1099	1163	
779	809	757	770	1116	1155	1087	1097	
825	766	821	761	1128	1086	1142	1097	
759	776	820	827	1161	1097	1090	1134	
822	808	764	832	1139	1134	1091	1129	
786	787	756	782	1097	1139	1144	1103	
836	772	773	806	1153	1121	1142	1091	
820	821	785	763	1102	1141	1137	1084	
773	770	828	770	1153	1084	1122	1127	
836	809	818	775	1109	1147	1159	1138	
771	820	794	769	1141	1152	1100	1091	
836	759	762	829	1146	1153	1104	1103	
778	765	786	826	1094	1121	1144	1151	
817	769	830	766	1096	1120	1111	1163	
804	763	756	794	1125	1109	1110	1131	
817	828	821	817	1111	1144	1106	1143	
759	795	790	801	1158	1092	1109	1093	
816	775	834	795	1115	1157	1087	1158	
761	829	836	802	1112	1089	1138	1147	
776	771	762	759	1117	1087	1093	1142	
817	807	801	768	1146	1134	1115	1100	
833	797	777	764	1156	1085	1089	1087	
807	800	786	795	1153	1094	1136	1116	
803	790	811	758	1113	1143	1108	1157	
821	812	758	809	1147	1094	1121	1162	
818	761	761	800	1158	1104	1161	1163	
827	783	773	766	1117	1153	1162	1094	
798	817	830	785	1139	1162	1159	1130	
766	807	819	816	1120	1157	1133	1110	
797	758	815	780	1101	1091	1107	1131	
825	757	804	773	1127	1125	1160	1098	
756	813	821	765	1086	1154	1123	1144	
801	757	788	781	1134	1091	1162	1096	
772	802	804	836	1099	1134	1113	1141	
834	829	780	830	1141	1140	1084	1109	
777	778	796	779	1141	1127	1134	1115	
770	786	766	804	1135	1159	1153	1084	
825	821	762	776	1161	1118	1153	1101	
778	821	770	832	1163	1090	1121	1095	
791	778	764	821	1108	1126	1113	1156	
761	826	785	791	1123	1147	1140	1157	
772	794	831	828	1149	1126	1147	1153	
784	807	788	757	1113	1091	1143	1161	
803	831	760	762	1117	1100	1123	1135	
825	794	785	808	1088	1137	1124	1160	
770	833	770	763	1112	1089	1090	1161	
762	811	802	767	1098	1099	1098	1132	
768	756	797	835	1129	1144	1127	1093	
809	826	801	770	1115	1112	1131	1089	
809	757	789	769	1157	1116	1135	1105	
836	795	812	769	1139	1120	1138	1088	
812	776	815	787	1163	1159	1088	1117	
791	831	823	784	1162	1126	1152	1120	
817	832	779	763	1088	1127	1161	1096	
807	760	814	815	1130	1102	1155	1109	
811	769	817	758	1091	1123	1107	1142	
780	816	832	760	1160	1084	1118	1144	
836	823	771	761	1113	1153	1156	1090	
760	816	779	835	1142	1138	1111	1099	
799	762	764	826	1139	1141	1084	1101	
833	831	800	777	1124	1099	1102	1159	
836	776	832	767	1129	1135	1085	1148	
779	779	833	794	1102	1156	1122	1106	
789	825	810	771	1153	1093	1144	1148	
793	828	811	796	1134	1118	1118	1114	
756	797	830	771	1102	1122	1089	1094	
758	804	819	820	1148	1115	1097	1123	
776	832	764	810	1101	1147	1089	1138	
761	798	760	819	1105	1148	1135	1104	
832	810	772	794	1095	1134	1151	1116	
811	818	788	822	1119	1130	1099	1126	
833	794	775	791	1145	1163	1100	1134	
775	809	817	783	1122	1125	1121	1093	
759	785	802	797	1159	1102	1117	1109	
817	807	809	756	1141	1086	1135	1126	
797	819	786	836	1118	1098	1148	1149	
812	782	811	805	1146	1116	1092	1159	
779	801	819	759	1094	1160	1094	1102	
814	807	763	818	1105	1135	1085	1163	
827	796	800	760	1152	1095	1162	1087	
812	779	764	794	1102	1116	1104	1158	
794	802	759	776	1101	1149	1098	1097	
775	774	831	816	1117	1156	1154	1151	
758	797	815	762	1156	1091	1101	1162	
791	776	793	817	1127	1085	1091	1160	
835	814	781	757	1104	1159	1161	1110	
770	784	760	816	1129	1149	1124	1122	
774	759	810	775	1086	1084	1120	1160	
820	817	781	831	1105	1140	1147	1112	
825	793	760	766	1137	1108	1134	1144	
760	828	775	803	1133	1136	1088	1084	
761	819	790	786	1109	1092	1136	1143	
794	832	825	775	1152	1140	1101	1092	
772	825	756	819	1128	1131	1088	1140	
792	808	784	759	1119	1107	1141	1103	
831	830	767	756	1124	1113	1154	1096	
756	798	833	801	1144	1089	1158	1155	
816	782	764	771	1109	1126	1156	1094	
829	819	825	818	1123	1126	1105	1160	
762	810	787	758	1143	1089	1139	1136	
779	806	805	817	1113	1117	1162	1110	
779	766	833	770	1153	1088	1113	1140	
762	807	835	807	1097	1121	1102	1125	
