L1	L2	L3	L4	R1	R2	R3	R4	
830	828	784	790	1122	1102	1096	1152	
761	804	801	806	1102	1152	1141	1156	
830	797	776	769	1148	1153	1141	1105	
832	765	835	806	1132	1118	1091	1152	
778	834	823	758	1090	1144	1121	1091	
834	819	782	807	1147	1111	1158	1096	
818	796	783	771	1093	1116	1119	1140	
798	764	766	817	1140	1144	1113	1111	
773	777	791	828	1089	1113	1126	1138	
819	779	795	767	1090	1103	1159	1160	
814	801	791	836	1132	1084	1135	1088	
835	783	818	818	1085	1092	1154	1147	
763	792	791	781	1133	1085	1104	1154	
808	801	805	830	1148	1102	1161	1153	
765	782	827	804	1126	1143	1149	1117	
796	789	809	771	1107	1163	1122	1108	
756	834	782	831	1101	1162	1139	1098	
798	803	763	801	1151	1107	1099	1159	
834	784	768	796	1149	1104	1153	1100	
805	814	811	776	1109	1114	1111	1156	
834	803	790	806	1085	1120	1107	1163	
775	830	811	777	1160	1100	1108	1162	
787	766	764	832	1103	1126	1095	1141	
793	759	805	793	1103	1161	1096	1154	
758	812	795	827	1105	1130	1148	1090	
836	761	822	764	1094	1142	1112	1161	
813	758	769	816	1153	1156	1089	1150	
773	817	812	805	1095	1091	1156	1131	
812	776	836	768	1128	1110	1123	1090	
808	821	768	765	1126	1091	1106	1155	
758	803	775	809	1092	1157	1148	1105	
793	775	805	831	1085	1088	1094	1144	
806	772	830	766	1099	1136	1129	1119	
765	827	807	809	1137	1155	1101	1122	
825	759	790	831	1106	1128	1157	1149	
760	802	760	816	1120	1115	1102	1118	
798	761	778	814	1096	1141	1115	1163	
824	787	762	770	1117	1158	1152	1102	
812	829	776	816	1150	1154	1115	1141	
789	773	761	780	1092	1118	1122	1161	
795	816	764	797	1120	1088	1106	1160	
833	762	833	756	1109	1086	1132	1135	
835	811	801	761	1084	1145	1101	1151	
789	827	761	779	1113	1109	1101	1136	
768	823	770	826	1162	1130	1131	1104	
813	781	807	832	1155	1110	1146	1126	
788	821	758	762	1111	1090	1094	1098	
798	791	810	815	1145	1087	1152	1101	
830	828	768	773	1136	1146	1111	1085	
760	801	783	830	1144	1094	1084	1136	
800	777	833	795	1090	1084	1086	1160	
784	802	800	772	1109	1119	1117	1152	
785	784	781	821	1153	1107	1095	1109	
804	818	817	777	1096	1125	1103	1158	
772	778	803	829	1124	1145	1151	1113	
781	756	806	835	1084	1160	1151	1130	
801	808	793	809	1145	1134	1154	1086	
825	800	769	798	1125	1087	1136	1119	
836	799	782	770	1106	1105	1152	1088	
834	800	803	757	1117	1094	1124	1163	
779	822	766	793	1153	1156	1142	1103	
816	825	793	761	1100	1162	1121	1155	
793	760	788	807	1163	1153	1097	1162	
836	834	793	776	1145	1088	1106	1138	
764	757	805	829	1125	1139	1090	1153	
830	803	768	766	1160	1088	1153	1130	
767	820	835	762	1112	1142	1137	1084	
823	793	833	788	1154	1159	1126	1090	
759	799	811	759	1114	1111	1150	1161	
802	802	803	834	1101	1110	1157	1097	
780	776	793	830	1149	1115	1150	1098	
834	760	820	809	1097	1150	1150	1085	
804	772	833	773	1090	1098	1123	1095	
798	766	807	766	1156	1153	1114	1135	
771	808	836	780	1085	1137	1155	1151	
775	811	777	833	1103	1142	1089	1107	
836	801	769	836	1122	1135	1085	1163	
806	756	816	810	1128	1142	1152	1102	
807	824	797	762	1115	1086	1090	1137	
766	776	815	759	1084	1152	1160	1103	
811	781	790	835	1160	1115	1141	1150	
785	813	836	811	1086	1156	1151	1127	
787	775	834	792	1133	1094	1085	1146	
794	806	831	759	1134	1141	1090	1142	
762	803	835	806	1108	1101	1155	1108	
760	827	757	770	1160	1090	1108	1147	
803	776	774	826	1149	1088	1159	1147	
801	762	836	817	1161	1130	1132	1129	
834	817	802	767	1114	1095	1153	1157	
786	808	805	798	1119	1113	1093	1126	
773	797	772	824	1130	1110	1153	1156	
814	787	764	830	1161	1099	1157	1109	
779	813	789	832	1122	1127	1109	1119	
793	786	771	828	1154	1115	1131	1134	
778	788	817	816	1158	1087	1141	1147	
791	775	776	812	1094	1116	1149	1095	
822	784	829	806	1100	1144	1157	1097	
764	787	813	760	1126	1084	1154	1161	
762	782	805	812	1136	1136	1088	1141	
823	823	808	826	1095	1142	1143	1158	
826	767	781	779	1093	1085	1155	1135	
831	769	802	763	1111	1126	1150	1099	
802	779	764	762	1137	1121	1111	1119	
822	775	825	810	1109	1112	1086	1086	
816	766	818	768	1155	1161	1130	1102	
801	784	832	776	1111	1152	1160	1098	
764	826	797	793	1154	1161	1099	1131	
832	808	775	826	1128	1088	1147	1112	
821	766	797	793	1110	1156	1138	1086	
790	791	794	759	1126	1104	1156	1151	
784	830	776	804	1107	1138	1158	1101	
809	777	772	769	1106	1140	1154	1112	
835	761	834	763	1160	1089	1095	1155	
825	777	814	759	1146	1094	1094	1156	
802	815	815	793	1145	1143	1122	1121	
789	800	789	779	1124	1142	1134	1110	
833	813	826	767	1109	1097	1109	1163	
819	777	821	832	1117	1095	1139	1089	
809	774	797	836	1139	1126	1129	1092	
780	816	826	817	1118	1120	1163	1157	
835	760	770	758	1162	1119	1127	1140	
820	819	785	774	1159	1102	1155	1154	
798	807	778	811	1136	1137	1106	1158	
824	768	767	805	1150	1139	1084	1086	
787	787	808	815	1138	1109	1114	1120	
835	762	792	780	1135	1141	1088	1141	
766	815	788	835	1149	1137	1137	1130	
792	828	782	819	1103	1122	1089	1137	
832	825	784	765	1098	1099	1110	1144	
826	832	780	767	1140	1101	1127	1120	
781	822	834	773	1084	1108	1162	1137	
795	836	788	827	1139	1102	1098	1145	
819	778	834	756	1144	1151	1097	1085	
805	821	833	758	1159	1134	1086	1102	
827	799	782	785	1153	1089	1098	1099	
769	766	831	807	1139	1146	1135	1151	
766	812	767	765	1162	1105	1093	1086	
817	769	774	827	1163	1107	1101	1153	
819	831	809	761	1114	1160	1134	1143	
817	756	821	757	1114	1152	1148	1137	
832	811	793	756	1103	1151	1133	1092	
795	822	796	812	1150	1136	1086	1117	
803	835	778	801	1136	1130	1131	1116	
757	832	801	797	1159	1093	1099	1149	
822	762	766	773	1096	1138	1093	1152	
793	758	789	830	1099	1118	1139	1116	
799	783	764	808	1162	1097	1084	1098	
767	796	834	815	1113	1103	1087	1119	
769	820	785	768	1115	1084	1126	1155	
798	807	764	803	1125	1129	1112	1117	
818	827	759	824	1154	1121	1155	1103	
796	833	800	772	1114	1086	1127	1122	
812	779	834	806	1090	1085	1138	1086	
792	816	829	817	1156	1119	1125	1098	
834	834	775	777	1144	1144	1147	1092	
836	778	803	823	1134	1113	1160	1094	
771	834	822	763	1127	1095	1147	1090	
836	807	796	781	1094	1118	1148	1121	
797	834	786	803	1117	1134	1098	1156	
759	819	815	771	1159	1105	1163	1113	
763	809	815	769	1155	1113	1127	1101	
763	827	784	828	1122	1163	1126	1088	
799	790	806	768	1089	1095	1106	1161	
805	835	780	773	1086	1133	1152	1124	
758	823	829	783	1097	1145	1136	1131	
791	762	835	804	1138	1091	1138	1157	
808	812	831	832	1157	1123	1145	1093	
825	811	759	797	1088	1088	1160	1160	
820	806	763	757	1156	1098	1122	1144	
811	823	824	769	1111	1105	1137	1154	
765	801	814	804	1151	1122	1144	1132	
826	763	808	760	1145	1121	1096	1145	
763	825	800	779	1153	1106	1155	1150	
758	824	801	781	1127	1085	1159	1098	
808	798	825	770	1093	1135	1152	1137	
823	803	785	791	1119	1145	1114	1144	
791	765	816	756	1099	1130	1134	1146	
811	814	787	788	1143	1122	1125	1086	
825	810	756	806	1087	1142	1148	1143	
786	765	786	756	1093	1136	1144	1086	
772	767	777	805	1125	1137	1116	1151	
776	835	757	792	1109	1155	1098	1157	
817	784	761	763	1138	1155	1138	1091	
835	830	809	806	1100	1092	1128	1151	
800	814	760	800	1119	1153	1109	1084	
826	796	765	822	1136	1130	1085	1106	
800	812	764	830	1120	1125	1107	1100	
795	779	756	783	1145	1113	1089	1103	
815	772	757	833	1116	1121	1092	1154	
784	766	832	832	1098	1095	1157	1104	
823	805	757	799	1096	1154	1090	1162	
804	767	797	820	1085	1154	1127	1123	
826	803	767	798	1093	1099	1160	1134	
788	821	780	791	1121	1132	1163	1092	
791	800	829	792	1104	1149	1132	1084	
761	806	805	835	1108	1152	1124	1156	
825	768	785	831	1161	1113	1085	1101	
768	787	811	757	1144	1105	1091	1157	
793	760	774	789	1107	1105	1146	1163	
799	761	833	774	1125	1156	1089	1135	
814	757	791	762	1113	1100	1119	1134	
757	791	788	798	1092	1127	1116	1153	
823	827	830	765	1117	1106	1115	1119	
805	784	815	822	1145	1120	1092	1149	
782	801	825	777	1163	1150	1101	1132	
817	772	822	757	1094	1135	1097	1136	
787	829	785	773	1124	1142	1096	1149	
819	786	814	766	1088	1103	1107	1103	
815	796	770	819	1095	1109	1151	1095	
773	771	832	771	1139	1138	1154	1119	
783	826	817	767	1145	1098	1109	1086	
816	836	782	764	1159	1110	1124	1086	
817	818	809	766	1141	1116	1128	1097	
790	816	762	827	1129	1152	1129	1101	
782	781	817	833	1102	1091	1159	1157	
831	764	770	822	1098	1129	1127	1127	
770	767	813	822	1100	1153	1094	1145	
836	761	769	769	1140	1140	1096	1152	
800	765	808	811	1125	1139	1134	1087	
834	777	799	795	1151	1096	1154	1087	
825	832	756	761	1085	1117	1129	1135	
804	835	757	805	1152	1096	1106	1122	
763	769	783	826	1096	1091	1114	1148	
827	792	756	811	1152	1100	1162	1103	
825	767	803	777	1091	1137	1140	1150	
778	822	833	768	1156	1125	1160	1144	
774	793	820	834	1159	1137	1150	1086	
826	831	781	807	1112	1127	1085	1103	
812	798	825	776	1097	1091	1139	1113	
801	757	786	827	1115	1102	1140	1087	
811	759	771	831	1091	1136	1118	1085	
771	812	756	761	1132	1138	1103	1145	
758	812	813	824	1108	1102	1103	1160	
807	764	835	824	1130	1143	1101	1123	
818	767	786	761	1124	1126	1087	1140	
761	783	834	809	1163	1098	1111	1109	
833	800	782	806	1122	1119	1097	1087	
815	774	812	823	1146	1089	1143	1087	
768	758	834	828	1135	1099	1128	1113	
824	826	789	807	1095	1159	1091	1124	
765	782	815	805	1088	1098	1086	1118	
799	786	816	758	1152	1129	1095	1103	
767	818	790	781	1135	1094	1099	1108	
773	783	834	797	1085	1152	1126	1087	
831	780	810	777	1086	1137	1121	1142	
817	833	756	789	1085	1090	1150	1128	
815	810	756	820	1114	1141	1088	1145	
761	803	774	767	1097	1097	1136	1109	
771	804	828	761	1105	1123	1139	1143	
826	784	808	789	1145	1105	1093	1162	
816	796	809	766	1093	1163	1117	1145	
812	800	836	789	1092	1096	1123	1121	
812	828	818	761	1144	1150	1104	1163	
828	793	796	835	1155	1113	1151	1088	
764	831	800	779	1124	1148	1095	1153	
795	757	816	835	1130	1087	1084	1130	
780	809	776	771	1094	1161	1106	1100	
762	826	783	835	1111	1117	1130	1145	
815	810	768	760	1149	1142	1124	1092	
794	768	764	832	1108	1119	1106	1160	
776	767	825	830	1120	1136	1087	1155	
809	787	781	835	1104	1124	1124	1092	
757	822	820	774	1130	1093	1085	1144	
796	833	766	780	1152	1117	1094	1151	
804	779	835	830	1156	1100	1098	1120	
789	776	769	826	1152	1098	1154	1105	
768	773	801	793	1090	1100	1140	1117	
835	757	832	821	1111	1104	1120	1102	
768	816	826	786	1107	1160	1090	1128	
800	829	764	760	1153	1145	1143	1096	
815	796	767	757	1137	1125	1148	1086	
796	789	757	835	1146	1160	1145	1130	
824	780	824	794	1094	1162	1088	1143	
791	770	820	831	1103	1149	1108	1163	
769	788	786	793	1123	1110	1097	1085	
768	832	763	836	1088	1136	1097	1151	
775	776	835	796	1130	1086	1115	1105	
786	810	778	758	1141	1125	1102	1124	
793	762	813	818	1126	1099	1102	1108	
794	774	823	808	1129	1125	1117	1096	
787	785	820	836	1131	1163	1103	1153	
787	779	770	796	1112	1112	1102	1108	
813	766	817	831	1114	1107	1148	1155	
771	793	835	785	1116	1121	1159	1099	
787	834	793	812	1129	1119	1120	1163	
808	791	809	761	1137	1155	1101	1086	
795	794	773	831	1136	1103	1088	1156	
828	765	788	828	1134	1108	1116	1142	
792	794	823	826	1123	1125	1104	1123	
797	824	814	810	1117	1150	1163	1084	
773	827	811	766	1087	1087	1134	1140	
811	797	831	784	1131	1119	1098	1150	
817	824	767	828	1151	1122	1098	1150	
763	778	788	836	1091	1094	1140	1144	
825	773	832	762	1102	1135	1163	1096	
765	805	800	829	1157	1084	1085	1156	
824	777	818	778	1151	1131	1092	1086	
832	814	761	789	1144	1105	1094	1162	
819	803	793	763	1116	1136	1122	1151	
800	823	774	784	1109	1107	1113	1142	
798	758	823	828	1155	1084	1106	1133	
812	801	805	758	1104	1126	1150	1119	
818	800	788	760	1101	1141	1125	1088	
827	773	764	811	1087	1162	1139	1158	
835	774	796	778	1131	1111	1146	1098	
825	822	775	781	1137	1135	1090	1091	
826	797	766	764	1094	1163	1114	1159	
804	797	816	820	1107	1161	1119	1160	
789	823	830	790	1145	1162	1138	1104	
789	783	790	833	1091	1108	1150	1163	
805	775	797	771	1104	1128	1150	1111	
802	788	834	832	1124	1132	1121	1085	
816	781	791	816	1090	1157	1159	1098	
777	811	780	802	1106	1085	1136	1098	
780	790	798	809	1125	1087	1162	1134	
807	760	771	816	1088	1137	1142	1128	
762	757	816	761	1105	1127	1140	1149	
768	828	809	778	1154	1148	1126	1108	
802	826	786	762	1112	1125	1157	1121	
799	765	820	814	1157	1091	1151	1095	
797	808	773	784	1132	1137	1100	1088	
824	757	789	759	1130	1108	1122	1087	
768	785	762	800	1140	1099	1091	1118	
807	801	756	804	1129	1140	1154	1089	
823	759	763	809	1127	1134	1133	1093	
782	835	783	789	1146	1144	1103	1120	
802	759	829	831	1088	1145	1146	1096	
806	824	796	767	1097	1095	1121	1163	
811	759	757	777	1085	1144	1146	1086	
775	795	826	814	1134	1139	1100	1148	
827	824	765	762	1138	1086	1111	1147	
808	791	823	827	1086	1146	1152	1104	
829	770	771	817	1142	1135	1103	1113	
801	783	771	824	1118	1154	1091	1149	
816	759	797	833	1105	1098	1132	1130	
758	786	770	832	1148	1116	1108	1107	
808	772	820	788	1101	1120	1162	1135	
830	811	771	809	1099	1145	1162	1103	
821	780	806	756	1132	1130	1097	1122	
786	768	827	781	1132	1136	1086	1152	
782	833	757	809	1148	1100	1132	1121	
787	820	767	808	1139	1115	1142	1099	
823	827	786	775	1138	1108	1151	1089	
794	813	774	758	1163	1152	1103	1126	
836	816	774	759	1157	1133	1104	1143	
823	778	796	829	1101	1122	1123	1150	
780	827	797	835	1146	1155	1149	1101	
786	760	812	811	1122	1092	1089	1136	
814	811	757	780	1085	1149	1116	1100	
824	782	784	768	1159	1118	1099	1090	
779	831	772	824	1103	1106	1163	1103	
821	756	809	770	1134	1114	1158	1149	
762	801	802	788	1087	1141	1103	1143	
817	817	758	823	1150	1119	1159	1139	
836	794	810	767	1146	1088	1121	1117	
760	824	805	780	1157	1141	1084	1116	
794	804	816	805	1094	1146	1094	1158	
778	785	833	816	1157	1085	1090	1093	
793	799	780	833	1157	1093	1090	1114	
768	804	783	758	1131	1152	1140	1128	
835	825	776	830	1145	1162	1131	1100	
812	807	777	772	1089	1161	1152	1094	
757	814	786	762	1102	1153	1094	1101	
833	800	769	764	1117	1144	1085	1091	
768	832	761	769	1131	1088	1129	1093	
826	825	764	791	1122	1125	1135	1145	
822	787	796	796	1138	1126	1086	1150	
780	836	791	836	1119	1134	1085	1095	
766	805	829	764	1104	1113	1102	1158	
784	764	823	829	1155	1110	1115	1142	
777	756	833	819	1113	1109	1120	1104	
836	821	774	800	1146	1106	1107	1157	
770	823	771	815	1112	1141	1095	1146	
806	770	809	806	1158	1136	1091	1100	
797	813	827	780	1106	1162	1089	1142	
826	823	827	766	1086	1151	1113	1162	
825	769	781	819	1100	1155	1157	1101	
791	806	812	764	1137	1141	1153	1094	
819	756	783	759	1089	1154	1103	1093	
814	770	793	770	1112	1104	1162	1157	
782	823	781	757	1146	1143	1114	1107	
761	777	798	761	1140	1151	1143	1104	
817	771	758	765	1132	1146	1087	1097	
828	791	764	817	1087	1121	1120	1148	
821	821	827	759	1089	1113	1141	1159	
796	817	763	761	1156	1157	1106	1135	
834	802	763	799	1150	1109	1111	1097	
809	774	758	807	1109	1145	1084	1147	
759	812	820	800	1135	1145	1095	1096	
819	796	771	766	1093	1091	1087	1140	
812	836	768	757	1097	1141	1088	1087	
812	793	794	757	1138	1119	1102	1084	
785	804	831	760	1115	1088	1134	1105	
809	799	803	764	1139	1089	1108	1163	
801	836	824	834	1160	1090	1106	1162	
791	785	819	765	1129	1151	1097	1092	
765	766	820	772	1122	1122	1123	1084	
774	836	760	830	1135	1119	1158	1100	
784	802	792	824	1120	1146	1161	1134	
786	760	767	829	1099	1161	1150	1121	
828	774	796	813	1112	1142	1124	1085	
807	834	815	761	1155	1096	1084	1136	
791	819	815	767	1156	1147	1107	1129	
790	764	816	765	1086	1125	1154	1113	
765	813	763	831	1089	1134	1149	1085	
770	801	780	832	1118	1094	1085	1087	
777	771	824	831	1137	1145	1163	1097	
804	767	801	819	1163	1107	1096	1091	
825	776	825	823	1123	1159	1114	1116	
791	819	791	778	1162	1136	1110	1158	
808	807	766	787	1163	1142	1109	1100	
812	760	767	818	1114	1101	1093	1130	
779	812	795	798	1154	1113	1096	1146	
817	774	834	790	1109	1160	1134	1105	
793	763	793	799	1155	1092	1151	1111	
816	756	786	824	1131	1145	1145	1089	
789	760	812	832	1089	1124	1132	1124	
796	810	756	831	1105	1138	1155	1098	
762	799	826	795	1119	1113	1097	1090	
823	793	761	825	1148	1127	1138	1109	
809	764	785	778	1163	1101	1140	1153	
815	792	801	761	1105	1144	1144	1151	
757	778	829	781	1132	1094	1084	1156	
808	823	778	825	1122	1118	1136	1112	
773	766	834	819	1134	1134	1150	1103	
797	760	836	770	1155	1139	1090	1129	
805	801	776	768	1132	1133	1158	1139	
830	784	773	830	1101	1154	1152	1157	
832	789	774	779	1161	1112	1099	1141	
802	800	775	832	1137	1098	1086	1133	
806	781	768	803	1108	1159	1146	1130	
760	771	809	813	1158	1161	1086	1092	
765	797	822	819	1128	1097	1145	1084	
767	810	773	767	1128	1130	1085	1127	
825	764	815	790	1132	1120	1124	1088	
785	770	780	806	1101	1159	1086	1148	
794	792	818	816	1131	1089	1101	1133	
800	757	833	797	1126	1095	1146	1110	
794	813	757	830	1135	1105	1137	1120	
796	830	766	769	1091	1155	1157	1109	
835	810	756	772	1131	1148	1163	1117	
760	804	806	804	1094	1132	1089	1089	
836	781	779	835	1153	1145	1117	1154	
776	763	826	834	1154	1148	1114	1104	
766	772	821	757	1131	1123	1099	1161	
768	832	805	789	1146	1126	1088	1109	
772	811	782	802	1135	1130	1161	1098	
827	784	775	762	1163	1128	1123	1155	
760	834	827	758	1089	1116	1097	1142	
782	763	836	767	1158	1138	1136	1093	
830	802	830	798	1106	1136	1148	1090	
791	807	782	830	1093	1111	1103	1137	
826	781	778	803	1124	1162	1105	1147	
818	830	795	767	1126	1135	1150	1107	
756	819	799	764	1094	1139	1133	1150	
809	829	758	836	1111	1115	1086	1142	
758	798	758	770	1138	1126	1132	1140	
806	758	817	808	1106	1117	1086	1122	
769	826	757	770	1129	1143	1120	1129	
786	775	782	833	1098	1096	1154	1126	
788	756	836	797	1111	1138	1099	1115	
779	816	814	763	1111	1142	1122	1104	
831	774	821	794	1121	1104	1158	1129	
775	776	778	804	1150	1090	1160	1085	
779	821	767	775	1128	1116	1116	1154	
794	783	770	809	1142	1118	1099	1156	
805	769	810	762	1112	1145	1155	1094	
809	778	811	799	1112	1088	1147	1148	
785	809	799	827	1129	1147	1103	1163	
809	780	761	779	1128	1099	1121	1150	
835	799	760	794	1147	1088	1116	1119	
756	784	762	802	1113	1129	1125	1139	
800	774	817	829	1158	1105	1122	1109	
787	820	825	818	1085	1147	1160	1112	
760	784	810	769	1129	1112	1119	1097	
785	768	834	829	1123	1130	1161	1086	
772	760	834	807	1090	1146	1085	1108	
814	773	804	813	1115	1115	1128	1136	
771	826	760	817	1108	1127	1107	1125	
797	759	823	765	1134	1163	1085	1109	
807	835	772	771	1147	1144	1116	1111	
833	770	763	804	1146	1146	1084	1093	
763	831	816	820	1119	1141	1096	1099	
803	778	820	765	1086	1100	1121	1145	
760	803	823	822	1102	1152	1155	1085	
757	786	776	800	1120	1134	1099	1108	
821	778	809	795	1152	1116	1092	1097	
825	796	770	799	1156	1118	1109	1096	
818	792	829	807	1116	1135	1091	1120	
818	782	820	811	1116	1148	1109	1098	
791	776	829	828	1144	1113	1132	1135	
773	822	802	830	1093	1155	1161	1120	
829	766	757	800	1150	1149	1122	1085	
828	795	825	825	1119	1143	1154	1091	
822	791	762	816	1144	1095	1093	1137	
789	789	808	778	1092	1140	1163	1121	
816	827	797	820	1111	1103	1156	1134	
791	829	796	800	1104	1106	1131	1155	
830	769	787	823	1141	1127	1086	1091	
786	790	827	830	1122	1140	1089	1163	
759	822	775	806	1160	1101	1125	1156	
759	802	791	813	1086	1140	1149	1133	
765	833	802	800	1098	1131	1125	1124	
787	781	829	787	1124	1093	1134	1161	
811	776	832	760	1139	1096	1163	1112	
777	773	787	772	1094	1126	1155	1153	
789	801	823	770	1129	1150	1086	1119	
760	771	829	782	1093	1162	1107	1154	
832	820	802	765	1140	1087	1144	1152	
757	833	823	768	1130	1145	1130	1094	
779	818	810	766	1115	1153	1113	1122	
807	767	784	797	1115	1129	1161	1130	
765	794	824	776	1112	1163	1162	1132	
791	804	820	781	1110	1113	1111	1158	
785	798	763	776	1162	1128	1107	1092	
801	804	768	794	1102	1096	1161	1124	
824	798	826	758	1129	1099	1141	1092	
832	803	765	811	1119	1143	1158	1155	
785	779	824	758	1090	1156	1117	1096	
813	767	759	836	1088	1085	1143	1149	
824	793	758	768	1121	1146	1105	1132	
834	785	757	826	1094	1163	1163	1129	
807	829	828	762	1142	1161	1153	1087	
774	824	766	794	1087	1158	1146	1093	
819	812	757	790	1100	1135	1101	1098	
778	830	793	833	1090	1129	1162	1137	
810	769	810	826	1119	1155	1152	1153	
760	829	765	775	1122	1122	1156	1133	
780	762	758	825	1088	1157	1120	1156	
808	760	756	819	1107	1114	1143	1133	
816	831	822	835	1084	1137	1112	1147	
795	775	781	756	1095	1142	1153	1118	
772	757	796	810	1087	1135	1150	1087	
788	777	835	833	1149	1137	1140	1103	
769	835	836	782	1127	1159	1101	1090	
815	806	774	809	1108	1143	1112	1143	
802	811	816	811	1155	1126	1098	1161	
775	778	835	830	1085	1162	1162	1087	
786	829	816	789	1136	1124	1092	1124	
776	814	811	819	1098	1112	1114	1155	
832	784	764	822	1143	1136	1092	1142	
803	792	803	759	1113	1101	1163	1155	
792	836	759	828	1130	1110	1143	1140	
794	764	815	813	1160	1148	1107	1136	
762	801	832	767	1141	1154	1091	1119	
756	812	765	813	1128	1086	1144	1122	
773	757	807	829	1087	1140	1128	1155	
774	775	821	826	1126	1158	1102	1162	
775	780	827	835	1119	1151	1109	1144	
805	836	814	764	1146	1152	1093	1099	
828	827	762	800	1146	1095	1140	1141	
770	795	789	834	1129	1093	1132	1146	
769	813	831	798	1157	1096	1112	1160	
767	813	799	821	1086	1151	1113	1146	
804	822	777	800	1093	1144	1135	1096	
828	782	757	775	1143	1130	1100	1143	
782	830	798	818	1109	1162	1148	1163	
803	818	760	756	1138	1156	1088	1141	
759	771	775	793	1134	1149	1095	1149	
756	809	827	766	1107	1109	1160	1110	
790	771	818	806	1090	1092	1155	1139	
807	810	756	768	1130	1134	1093	1156	
762	821	820	831	1099	1136	1162	1085	
803	772	783	756	1161	1147	1147	1095	
795	759	827	802	1115	1119	1144	1125	
766	770	836	815	1088	1146	1131	1153	
784	832	769	795	1140	1126	1132	1162	
763	808	813	774	1105	1112	1097	1162	
756	815	797	819	1124	1139	1154	1090	
756	762	814	834	1137	1147	1097	1086	
821	806	830	781	1163	1132	1129	1088	
762	773	789	770	1119	1115	1135	1089	
799	824	772	817	1120	1122	1159	1152	
797	796	821	756	1120	1148	1112	1102	
775	785	765	813	1088	1162	1162	1142	
759	828	823	766	1086	1095	1135	1150	
763	796	806	798	1122	1085	1153	1085	
756	781	812	821	1147	1108	1116	1128	
822	825	756	758	1129	1131	1117	1087	
756	823	832	759	1119	1149	1162	1093	
782	793	821	781	1143	1106	1135	1149	
825	771	785	796	1154	1089	1108	1089	
836	763	821	800	1094	1163	1114	1161	
778	797	833	759	1138	1144	1095	1085	
779	834	791	828	1102	1118	1140	1155	
774	830	798	783	1123	1122	1135	1148	
807	787	831	814	1119	1093	1104	1156	
807	788	816	759	1129	1160	1124	1089	
816	758	809	822	1097	1131	1145	1151	
833	819	778	761	1158	1120	1118	1096	
802	819	782	793	1143	1109	1163	1157	
785	756	818	771	1118	1093	1134	1147	
834	794	802	767	1084	1119	1144	1086	
810	815	833	794	1087	1084	1141	1146	
830	827	806	823	1124	1099	1096	1161	
796	763	792	764	1132	1149	1087	1107	
827	778	815	761	1125	1114	1092	1148	
819	797	821	820	1154	1155	1156	1129	
789	792	784	836	1149	1094	1095	1119	
829	778	807	757	1093	1157	1085	1133	
790	798	827	813	1150	1151	1086	1158	
815	830	783	780	1108	1128	1093	1088	
810	817	769	764	1130	1155	1106	1103	
801	836	761	814	1127	1108	1096	1154	
771	822	806	832	1109	1142	1134	1098	
828	831	791	765	1120	1134	1148	1149	
835	798	806	808	1120	1157	1103	1095	
792	804	785	835	1086	1141	1106	1125	
765	826	756	828	1092	1102	1160	1154	
799	799	757	798	1160	1157	1105	1093	
776	831	769	832	1093	1092	1161	1121	
834	777	804	785	1161	1139	1141	1096	
831	794	756	799	1084	1153	1143	1162	
758	822	823	793	1093	1163	1121	1103	
771	781	809	807	1138	1136	1115	1103	
764	776	777	764	1096	1118	1105	1152	
777	835	803	765	1109	1111	1112	1161	
831	764	774	813	1132	1129	1105	1102	
782	762	823	827	1149	1086	1113	1085	
768	806	826	796	1135	1159	1160	1150	
787	782	757	805	1099	1139	1143	1154	
823	762	773	834	1163	1133	1090	1084	
819	823	835	775	1132	1090	1160	1145	
758	790	768	836	1157	1094	1093	1159	
823	812	759	777	1139	1146	1105	1113	
764	779	783	831	1124	1144	1131	1163	
811	782	759	758	1138	1149	1084	1110	
773	792	821	805	1147	1155	1115	1095	
802	829	808	783	1090	1089	1106	1149	
758	800	795	779	1084	1086	1163	1087	
826	801	776	832	1154	1129	1137	1094	
810	812	760	759	1128	1140	1152	1152	
836	758	757	783	1158	1092	1149	1158	
807	794	832	781	1111	1105	1090	1154	
808	783	795	770	1091	1151	1133	1143	
763	814	828	778	1095	1084	1122	1098	
810	802	800	784	1121	1102	1162	1154	
830	826	805	822	1105	1111	1109	1093	
804	828	815	791	1105	1105	1096	1157	
758	815	773	801	1108	1087	1148	1128	
813	820	760	820	1142	1086	1154	1160	
798	776	787	804	1132	1095	1097	1136	
785	812	760	800	1090	1150	1096	1091	
762	835	783	764	1150	1126	1155	1098	
814	793	832	759	1101	1138	1143	1084	
835	813	797	827	1085	1125	1085	1106	
814	813	760	796	1157	1141	1133	1102	
804	770	834	822	1143	1107	1121	1148	
803	789	803	833	1126	1115	1103	1147	
805	761	778	774	1100	1086	1135	1097	
794	821	807	756	1158	1127	1085	1092	
777	784	765	830	1114	1128	1094	1146	
763	804	826	776	1145	1103	1161	1136	
790	832	781	767	1162	1136	1123	1113	
831	830	835	782	1106	1141	1101	1108	
830	825	816	767	1140	1093	1120	1096	
767	783	832	789	1126	1152	1102	1157	
803	811	763	816	1162	1148	1126	1099	
818	825	759	766	1106	1095	1156	1131	
757	820	794	827	1136	1146	1104	1143	
818	809	806	756	1156	1092	1144	1140	
836	774	764	781	1114	1107	1105	1130	
828	816	810	760	1112	1144	1084	1108	
795	814	819	791	1143	1134	1098	1108	
833	793	807	757	1130	1092	1152	1112	
823	803	793	791	1085	1141	1088	1128	
819	782	762	830	1123	1159	1086	1126	
828	772	774	762	1111	1085	1149	1142	
765	793	768	826	1127	1125	1157	1152	
797	816	767	823	1092	1156	1140	1085	
758	793	824	829	1134	1130	1122	1090	
821	808	780	766	1115	1098	1128	1088	
761	783	835	763	1119	1160	1127	1085	
825	760	812	767	1089	1150	1097	1147	
773	807	816	782	1148	1147	1128	1105	
767	770	780	814	1151	1096	1090	1157	
768	783	813	806	1157	1139	1156	1088	
817	777	792	766	1105	1138	1094	1114	
785	759	772	830	1111	1120	1147	1103	
824	789	772	760	1112	1146	1106	1149	
835	793	768	812	1113	1086	1140	1096	
798	803	814	757	1116	1110	1144	1091	
756	824	796	821	1114	1130	1150	1094	
774	781	795	804	1087	1148	1108	1098	
792	808	799	836	1124	1086	1152	1085	
822	788	775	776	1133	1131	1100	1161	
776	803	760	808	1121	1154	1129	1153	
802	830	769	835	1084	1096	1137	1157	
819	789	771	792	1098	1116	1155	1152	
768	831	767	765	1089	1115	1111	1135	
784	805	834	766	1098	1088	1157	1148	
756	765	779	827	1085	1100	1160	1147	
778	765	826	810	1148	1132	1137	1088	
830	816	773	759	1089	1116	1159	1137	
815	815	819	762	1163	1104	1085	1128	
822	805	776	834	1125	1088	1139	1146	
817	769	786	825	1092	1114	1162	1126	
818	780	773	809	1128	1114	1141	1143	
813	799	806	764	1130	1149	1142	1088	
757	803	770	819	1095	1123	1132	1097	
779	771	833	808	1139	1157	1146	1086	
780	758	792	770	1143	1098	1090	1141	
806	827	789	789	1129	1137	1086	1118	
760	761	811	796	1105	1088	1139	1163	
816	814	769	764	1161	1112	1117	1104	
833	771	801	836	1144	1114	1144	1163	
821	761	803	797	1161	1094	1100	1101	
785	791	827	834	1114	1114	1158	1108	
820	789	765	788	1088	1110	1147	1092	
763	832	783	790	1087	1126	1146	1088	
761	790	821	816	1109	1101	1162	1159	
792	836	784	779	1129	1138	1085	1160	
798	775	805	760	1147	1135	1092	1105	
832	774	808	772	1142	1107	1096	1120	
786	809	829	795	1121	1111	1141	1085	
803	827	770	801	1089	1133	1149	1128	
834	757	789	817	1149	1095	1105	1141	
826	783	806	781	1157	1086	1161	1093	
780	822	801	822	1121	1087	1129	1160	
790	785	813	831	1154	1094	1088	1139	
791	835	825	763	1119	1085	1135	1152	
786	789	825	758	1116	1103	1085	1155	
798	804	812	757	1143	1123	1094	1153	
821	764	828	767	1162	1093	1108	1154	
826	780	775	828	1109	1149	1154	1084	
812	793	759	789	1161	1131	1090	1094	
831	805	803	776	1136	1122	1150	1084	
794	830	827	804	1097	1139	1153	1118	
831	805	769	757	1119	1137	1092	1144	
768	829	788	833	1089	1130	1144	1156	
778	774	830	762	1107	1093	1149	1140	
808	780	833	784	1107	1129	1130	1123	
808	757	811	767	1127	1147	1150	1103	
818	804	817	783	1115	1162	1097	1144	
764	756	782	834	1116	1152	1101	1085	
783	777	763	831	1159	1115	1085	1092	
784	813	791	836	1102	1128	1156	1138	
765	818	834	760	1100	1135	1104	1108	
791	827	774	796	1096	1152	1100	1142	
802	757	793	821	1101	1146	1129	1157	
834	811	820	769	1161	1110	1118	1092	
820	834	767	772	1101	1121	1128	1153	
768	795	805	800	1131	1141	1088	1123	
768	828	788	759	1126	1112	1084	1109	
785	757	758	815	1131	1104	1089	1140	
804	805	834	835	1135	1087	1139	1106	
784	770	824	785	1152	1143	1162	1131	
801	835	762	757	1150	1108	1107	1130	
788	820	802	830	1157	1131	1097	1117	
836	782	802	814	1104	1085	1153	1101	
801	779	796	795	1126	1121	1145	1089	
772	808	778	787	1154	1144	1107	1084	
823	782	780	759	1110	1136	1087	1130	
760	813	830	823	1103	1143	1090	1134	
760	805	820	814	1124	1146	1105	1099	
773	790	835	757	1094	1125	1148	1152	
776	795	829	793	1150	1162	1103	1135	
827	834	770	780	1148	1136	1136	1092	
773	785	783	824	1119	1156	1122	1101	
763	762	804	819	1121	1148	1157	1090	
769	807	831	830	1117	1143	1121	1095	
821	773	810	818	1086	1112	1139	1153	
801	780	818	804	1120	1130	1096	1088	
832	804	834	763	1101	1093	1127	1148	
786	789	769	826	1101	1107	1162	1151	
800	761	759	796	1158	1111	1110	1123	
822	758	831	825	1109	1100	1158	1128	
821	817	760	823	1123	1104	1094	1142	
835	779	784	783	1102	1157	1084	1088	
797	808	772	823	1111	1158	1129	1139	
806	825	770	770	1157	1156	1105	1109	
833	769	825	809	1103	1127	1137	1112	
780	785	786	780	1092	1127	1121	1116	
823	758	818	834	1137	1127	1106	1129	
806	815	805	832	1097	1153	1132	1096	
815	772	763	828	1104	1109	1111	1148	
789	827	803	757	1126	1094	1150	1153	
789	834	794	758	1150	1101	1101	1154	
802	785	784	812	1163	1116	1113	1150	
811	818	813	795	1098	1148	1146	1091	
780	834	826	772	1091	1163	1130	1139	
827	830	774	798	1145	1130	1091	1154	
780	799	773	789	1111	1109	1158	1106	
811	767	808	758	1109	1151	1155	1133	
819	808	791	787	1112	1134	1140	1085	
770	836	777	803	1150	1092	1126	1108	
798	832	793	758	1133	1094	1123	1152	
823	799	783	761	1098	1137	1103	1147	
772	828	803	783	1143	1094	1127	1163	
801	782	799	823	1155	1086	1151	1088	
766	834	801	828	1112	1124	1108	1138	
786	764	796	827	1085	1157	1139	1143	
775	788	758	815	1154	1097	1100	1089	
804	835	823	758	1105	1156	1102	1142	
781	765	829	766	1084	1151	1133	1097	
793	790	822	768	1094	1101	1143	1162	
825	831	778	764	1103	1111	1153	1155	
830	799	767	802	1107	1135	1087	1096	
835	795	797	769	1088	1162	1112	1154	
777	811	756	826	1149	1110	1162	1089	
762	781	816	832	1085	1145	1139	1085	
825	799	830	766	1127	1118	1108	1131	
770	795	793	822	1103	1120	1107	1086	
814	795	773	769	1153	1123	1133	1089	
815	790	757	787	1085	1130	1135	1087	
828	796	802	815	1160	1095	1161	1086	
783	811	797	801	1115	1146	1100	1154	
772	834	763	827	1089	1124	1159	1110	
791	784	787	779	1153	1144	1112	1090	
791	803	787	778	1153	1125	1114	1105	
760	770	831	774	1100	1095	1152	1127	
798	784	794	784	1152	1094	1142	1150	
778	790	827	794	1136	1127	1136	1125	
761	792	773	824	1089	1120	1129	1119	
783	825	781	791	1106	1162	1100	1134	
814	817	780	783	1099	1106	1107	1093	
781	832	776	830	1120	1095	1157	1118	
783	815	775	836	1124	1156	1088	1146	
779	835	757	832	1115	1121	1106	1107	
810	775	814	820	1155	1091	1087	1138	
792	817	758	763	1151	1117	1109	1097	
775	797	820	765	1090	1130	1093	1140	
780	827	780	782	1161	1110	1150	1105	
780	829	813	757	1088	1155	1108	1138	
834	757	766	758	1089	1141	1091	1161	
773	817	820	763	1148	1127	1110	1106	
757	763	760	821	1090	1118	1143	1134	
819	799	824	834	1132	1135	1098	1102	
819	761	799	757	1096	1088	1137	1143	
756	808	814	792	1139	1129	1156	1094	
803	822	811	758	1136	1140	1136	1099	
780	817	776	829	1091	1096	1158	1145	
821	759	805	792	1152	1134	1094	1144	
833	760	805	819	1104	1098	1156	1162	
824	834	771	816	1116	1088	1110	1142	
790	783	799	782	1150	1124	1162	1099	
787	828	833	766	1125	1118	1149	1095	
812	792	807	779	1086	1106	1105	1145	
783	762	809	791	1137	1158	1157	1161	
811	812	764	806	1149	1085	1160	1087	
778	791	760	776	1105	1157	1100	1089	
759	792	786	831	1146	1111	1140	1109	
796	787	783	830	1163	1125	1123	1109	
784	763	830	829	1157	1093	1107	1156	
835	778	825	820	1134	1101	1090	1143	
802	833	806	790	1095	1118	1124	1135	
789	782	835	793	1094	1131	1114	1146	
808	806	775	758	1124	1099	1105	1155	
813	812	807	761	1162	1120	1089	1155	
785	773	758	834	1162	1112	1090	1141	
825	832	756	787	1150	1123	1098	1122	
771	785	768	835	1117	1138	1104	1137	
815	827	819	757	1125	1119	1085	1094	
807	760	836	766	1120	1125	1157	1142	
807	762	762	806	1156	1144	1099	1153	
821	818	782	766	1160	1101	1123	1100	
787	770	805	800	1099	1141	1089	1151	
778	810	834	786	1149	1136	1162	1092	
822	773	781	791	1129	1155	1129	1097	
816	833	770	770	1129	1085	1101	1132	
801	766	786	763	1094	1138	1156	1109	
778	770	776	830	1090	1108	1140	1101	
818	771	773	762	1089	1152	1136	1094	
797	756	800	778	1120	1120	1139	1102	
797	778	814	785	1156	1138	1146	1105	
768	779	812	796	1129	1145	1113	1109	
830	810	813	763	1127	1144	1121	1117	
768	765	816	818	1163	1093	1146	1131	
787	830	795	827	1121	1155	1097	1092	
828	776	768	825	1122	1103	1149	1087	
824	835	778	761	1101	1141	1087	1144	
832	814	779	835	1148	1140	1101	1126	
803	825	820	770	1125	1103	1132	1093	
771	832	826	766	1146	1097	1089	1132	
777	835	812	797	1139	1099	1106	1163	
795	827	827	773	1096	1088	1148	1151	
781	793	797	815	1130	1100	1132	1162	
795	814	766	757	1122	1105	1136	1155	
769	822	759	832	1156	1118	1114	1147	
819	780	817	759	1097	1125	1152	1134	
822	777	821	815	1162	1095	1154	1087	
808	824	795	791	1129	1118	1084	1137	
819	774	787	824	1148	1094	1144	1093	
813	783	832	827	1128	1084	1126	1159	
801	816	805	828	1153	1121	1109	1123	
761	809	799	795	1150	1160	1101	1106	
815	768	757	815	1118	1106	1126	1150	
781	771	835	821	1097	1156	1156	1103	
781	830	834	764	1102	1158	1128	1163	
757	792	825	781	1118	1149	1132	1132	
790	830	822	780	1115	1105	1103	1158	
817	792	792	815	1099	1156	1140	1161	
821	769	757	818	1154	1087	1092	1093	
775	828	787	756	1126	1087	1163	1094	
819	833	766	762	1134	1087	1117	1135	
763	775	781	833	1143	1141	1088	1159	
799	815	792	763	1159	1127	1136	1094	
811	816	800	783	1110	1104	1162	1110	
824	756	818	773	1085	1146	1122	1137	
835	814	786	780	1152	1138	1154	1092	
774	831	771	784	1091	1104	1142	1084	
762	831	799	758	1132	1113	1150	1102	
778	778	787	832	1124	1129	1156	1133	
779	807	831	813	1120	1104	1108	1085	
772	836	764	816	1143	1086	1089	1137	
835	818	832	806	1128	1134	1100	1094	
809	804	765	814	1150	1114	1096	1094	
825	761	820	812	1143	1116	1123	1096	
779	832	832	771	1122	1133	1115	1094	
757	772	763	825	1088	1118	1087	1142	
760	798	801	782	1084	1158	1129	1100	
808	784	832	773	1142	1140	1122	1157	
788	787	828	764	1157	1086	1133	1106	
771	811	800	780	1133	1119	1117	1160	
800	801	756	795	1104	1087	1161	1157	
778	792	812	776	1139	1096	1113	1149	
803	780	772	781	1137	1088	1124	1113	
788	815	771	830	1145	1142	1089	1112	
784	768	788	831	1121	1114	1094	1099	
810	811	820	764	1088	1113	1122	1161	
781	758	768	817	1135	1149	1118	1091	
767	788	833	760	1148	1138	1088	1129	
769	801	792	811	1103	1094	1133	1157	
792	806	765	783	1155	1101	1098	1106	
811	777	828	756	1109	1104	1148	1089	
808	831	774	820	1093	1126	1159	1089	
787	774	824	821	1131	1157	1092	1109	
769	829	828	823	1100	1101	1156	1133	
836	766	808	774	1137	1120	1086	1097	
802	803	790	812	1093	1157	1109	1123	
804	828	823	759	1155	1135	1131	1094	
829	758	764	818	1147	1130	1153	1086	
801	791	812	836	1120	1163	1101	1104	
766	793	774	809	1088	1136	1145	1162	
798	764	827	760	1094	1158	1162	1143	
836	777	767	802	1101	1115	1163	1088	
829	761	773	821	1095	1141	1134	1154	
823	822	823	780	1087	1141	1152	1118	
800	819	762	817	1106	1159	1163	1105	
773	818	756	813	1149	1099	1127	1145	
822	756	810	798	1107	1163	1113	1103	
827	832	835	774	1089	1099	1151	1144	
766	770	814	824	1157	1160	1100	1109	
797	819	835	764	1111	1086	1104	1160	
828	791	776	758	1111	1151	1111	1150	
830	810	758	762	1157	1087	1092	1160	
811	809	772	822	1107	1138	1099	1084	
803	759	820	809	1093	1140	1104	1105	
815	760	765	776	1159	1103	1127	1158	
790	836	764	797	1125	1095	1158	1158	
804	810	769	815	1129	1125	1128	1092	
798	820	830	779	1105	1137	1088	1159	
836	759	827	806	1117	1149	1086	1112	
772	812	784	836	1111	1139	1084	1133	
820	757	834	756	1137	1146	1101	1095	
776	767	758	832	1110	1094	1095	1161	
771	776	779	821	1137	1158	1097	1155	
758	819	784	836	1109	1110	1123	1150	
779	836	758	829	1132	1157	1140	1103	
766	775	819	761	1095	1107	1147	1108	
