L1	L2	L3	L4	R1	R2	R3	R4	
820	803	835	773	1110	1132	1104	1097	
764	817	779	830	1093	1129	1156	1162	
758	810	836	763	1114	1123	1128	1158	
797	801	771	774	1137	1138	1102	1151	
758	803	831	806	1109	1158	1109	1147	
808	818	759	757	1154	1139	1091	1087	
836	832	771	794	1126	1099	1100	1116	
772	762	791	821	1114	1155	1152	1103	
776	812	833	827	1137	1095	1093	1159	
770	786	833	792	1090	1086	1147	1129	
825	781	773	762	1113	1136	1089	1148	
758	786	776	761	1124	1156	1152	1100	
772	798	831	808	1101	1095	1154	1095	
829	794	819	766	1104	1129	1161	1159	
786	782	789	817	1156	1103	1118	1125	
776	816	811	757	1162	1134	1106	1133	
765	823	802	827	1110	1129	1084	1092	
822	801	798	757	1136	1127	1086	1146	
812	782	824	811	1131	1084	1118	1138	
828	758	809	762	1122	1112	1119	1123	
802	803	803	797	1155	1132	1102	1158	
829	820	771	802	1122	1117	1110	1144	
800	790	782	829	1147	1102	1163	1089	
805	769	759	824	1150	1102	1102	1102	
758	805	832	809	1154	1145	1152	1113	
760	759	826	791	1130	1110	1113	1127	
819	761	804	759	1102	1152	1138	1101	
780	833	775	766	1107	1123	1121	1118	
816	788	833	757	1126	1126	1095	1112	
756	818	795	756	1120	1109	1159	1099	
796	784	798	826	1161	1158	1156	1127	
814	830	812	810	1155	1123	1116	1115	
769	816	818	766	1103	1097	1147	1130	
822	785	763	756	1152	1120	1121	1094	
765	783	780	797	1133	1084	1138	1142	
761	793	801	818	1084	1116	1126	1088	
779	761	817	788	1106	1133	1151	1159	
805	791	799	829	1144	1086	1146	1107	
765	763	813	836	1100	1113	1105	1161	
788	787	832	763	1153	1119	1126	1091	
760	826	791	835	1093	1131	1102	1113	
799	823	767	776	1156	1160	1087	1136	
777	813	778	759	1137	1145	1084	1085	
794	802	772	761	1147	1156	1153	1128	
784	757	828	770	1093	1129	1146	1085	
779	822	834	797	1097	1106	1092	1146	
776	806	779	832	1099	1140	1118	1091	
791	793	767	819	1103	1104	1155	1102	
791	795	761	801	1112	1112	1143	1096	
809	789	824	803	1156	1120	1138	1114	
832	809	779	773	1163	1099	1133	1093	
821	813	779	763	1105	1152	1108	1147	
812	830	786	790	1139	1088	1128	1146	
828	758	835	764	1138	1135	1134	1098	
809	779	830	760	1114	1096	1157	1094	
807	830	804	759	1113	1158	1115	1157	
804	823	759	758	1154	1089	1143	1127	
821	773	807	794	1149	1163	1089	1127	
811	783	775	770	1085	1150	1132	1156	
828	807	780	796	1125	1147	1103	1155	
768	787	769	832	1121	1137	1161	1126	
833	763	828	782	1118	1098	1102	1150	
778	760	828	804	1093	1117	1122	1118	
818	768	796	828	1163	1120	1137	1091	
784	774	773	836	1133	1102	1156	1132	
767	836	771	810	1095	1125	1121	1124	
816	795	833	756	1149	1109	1115	1163	
777	784	800	835	1155	1128	1105	1091	
829	823	788	771	1095	1104	1112	1085	
824	765	815	821	1086	1140	1108	1085	
825	757	809	790	1086	1136	1102	1161	
764	786	768	829	1157	1150	1145	1091	
821	836	809	768	1128	1154	1140	1134	
793	767	801	761	1162	1148	1162	1114	
763	790	829	820	1160	1092	1092	1103	
787	821	781	763	1125	1139	1134	1101	
766	831	785	756	1154	1099	1098	1097	
765	787	768	824	1128	1161	1084	1106	
821	768	790	778	1087	1096	1137	1154	
761	816	790	778	1140	1109	1138	1131	
770	829	814	758	1123	1147	1157	1085	
773	817	781	826	1100	1146	1160	1113	
817	763	778	757	1134	1140	1150	1155	
763	762	820	807	1131	1100	1163	1104	
834	796	820	768	1147	1154	1128	1129	
778	813	818	826	1113	1098	1129	1160	
777	765	821	791	1108	1105	1093	1122	
799	758	816	764	1118	1161	1091	1097	
792	816	825	764	1122	1099	1121	1122	
815	821	817	814	1161	1088	1154	1140	
767	833	836	811	1150	1160	1105	1162	
780	830	794	779	1123	1154	1088	1131	
805	814	796	801	1130	1120	1134	1117	
813	789	818	759	1113	1150	1116	1120	
777	824	790	826	1137	1121	1135	1095	
774	808	782	828	1144	1149	1089	1096	
785	812	810	770	1102	1150	1142	1121	
791	771	792	825	1154	1130	1105	1091	
784	793	822	777	1145	1154	1122	1101	
820	806	832	765	1091	1137	1158	1117	
783	823	773	828	1127	1135	1088	1138	
793	758	832	827	1097	1091	1131	1154	
835	769	784	834	1138	1137	1139	1095	
757	804	770	806	1159	1098	1150	1098	
823	798	771	778	1139	1127	1090	1155	
812	826	807	799	1105	1107	1099	1163	
828	799	760	769	1132	1093	1149	1102	
812	759	789	833	1143	1156	1129	1128	
785	821	777	757	1095	1120	1149	1137	
807	809	784	831	1124	1117	1095	1112	
793	776	826	778	1148	1105	1162	1125	
773	817	821	772	1107	1143	1125	1087	
786	788	828	760	1101	1098	1156	1155	
804	776	832	782	1145	1105	1110	1097	
782	824	834	828	1122	1156	1128	1123	
775	787	803	832	1100	1133	1163	1121	
756	809	771	796	1086	1158	1122	1105	
774	807	796	827	1105	1151	1124	1098	
781	793	813	772	1158	1090	1098	1155	
808	802	798	792	1089	1117	1123	1091	
789	766	818	835	1159	1123	1121	1086	
794	811	815	759	1098	1161	1145	1139	
793	832	810	803	1103	1091	1161	1124	
805	824	764	832	1092	1143	1155	1089	
795	834	808	774	1134	1129	1153	1089	
800	795	780	822	1096	1091	1152	1099	
777	801	781	832	1098	1134	1091	1149	
811	800	820	800	1122	1088	1134	1117	
779	818	758	757	1115	1128	1159	1113	
758	793	766	825	1147	1147	1122	1084	
765	831	777	762	1094	1163	1148	1105	
757	824	836	766	1127	1144	1133	1140	
814	762	816	764	1095	1088	1084	1156	
765	772	803	820	1126	1106	1116	1124	
828	788	777	793	1124	1107	1117	1113	
763	794	825	782	1089	1106	1096	1163	
835	789	796	796	1124	1092	1145	1111	
763	804	811	762	1104	1119	1162	1162	
793	766	821	766	1159	1138	1090	1108	
831	793	776	773	1156	1160	1090	1087	
791	790	799	795	1147	1115	1124	1110	
812	764	836	756	1152	1095	1119	1122	
828	764	831	770	1157	1132	1085	1141	
791	772	811	772	1128	1100	1163	1110	
762	836	803	778	1111	1157	1088	1096	
780	775	817	832	1119	1118	1093	1147	
776	825	807	764	1130	1088	1163	1146	
758	816	831	785	1111	1139	1142	1119	
790	761	763	827	1090	1091	1095	1095	
794	786	835	784	1151	1110	1088	1147	
780	832	806	761	1084	1114	1112	1156	
762	815	779	757	1140	1138	1114	1106	
811	816	796	770	1147	1102	1145	1108	
827	800	769	806	1092	1124	1137	1085	
804	792	806	795	1130	1103	1137	1161	
810	763	780	826	1105	1141	1138	1084	
760	769	814	787	1139	1153	1127	1093	
778	808	782	757	1144	1143	1118	1097	
781	801	810	828	1154	1134	1100	1093	
809	807	795	824	1087	1124	1158	1086	
835	821	836	766	1097	1090	1163	1105	
767	825	823	776	1085	1131	1155	1084	
757	830	836	830	1095	1150	1114	1109	
821	836	783	779	1150	1119	1113	1158	
832	756	810	822	1131	1102	1121	1147	
759	830	758	801	1127	1104	1105	1097	
775	831	810	813	1146	1094	1152	1112	
791	785	775	816	1098	1155	1133	1147	
787	797	780	826	1140	1103	1148	1124	
814	771	826	809	1098	1147	1158	1091	
800	832	768	825	1106	1105	1104	1124	
793	814	826	760	1084	1159	1134	1086	
761	816	795	787	1096	1119	1095	1162	
804	757	771	768	1086	1149	1101	1146	
788	817	810	829	1087	1089	1140	1111	
821	804	760	757	1129	1112	1136	1092	
780	789	764	831	1148	1142	1110	1154	
771	818	819	802	1153	1117	1136	1104	
799	794	778	835	1143	1139	1103	1111	
821	822	798	775	1099	1093	1148	1146	
784	795	825	791	1135	1115	1152	1154	
796	797	812	823	1153	1124	1127	1095	
807	796	831	771	1122	1136	1140	1098	
811	779	835	760	1093	1159	1121	1108	
831	799	776	798	1161	1130	1143	1086	
781	789	812	816	1160	1163	1120	1143	
789	833	779	792	1144	1124	1096	1120	
825	810	798	769	1103	1107	1097	1122	
795	795	769	822	1128	1142	1125	1085	
786	769	763	822	1112	1126	1139	1112	
828	778	789	828	1148	1087	1159	1125	
807	796	779	764	1107	1156	1096	1148	
772	833	756	800	1142	1161	1133	1095	
762	767	828	781	1121	1135	1084	1097	
799	809	784	771	1132	1131	1086	1161	
776	792	766	801	1108	1087	1153	1102	
819	801	784	768	1106	1161	1122	1129	
813	770	824	781	1104	1110	1163	1136	
836	829	761	758	1148	1150	1097	1109	
832	795	762	775	1134	1150	1099	1099	
801	798	799	774	1147	1145	1158	1104	
832	780	819	777	1104	1123	1094	1136	
762	761	795	817	1112	1097	1101	1157	
783	828	789	794	1120	1084	1151	1104	
821	781	766	760	1158	1086	1129	1162	
788	796	762	757	1154	1094	1130	1084	
775	780	765	764	1152	1151	1094	1110	
794	813	760	825	1100	1158	1104	1158	
817	767	781	816	1118	1087	1125	1102	
788	797	776	800	1087	1129	1098	1125	
780	806	774	814	1145	1085	1091	1153	
825	810	780	835	1118	1132	1155	1106	
785	778	832	773	1163	1100	1084	1143	
826	809	773	762	1142	1162	1113	1122	
798	804	791	764	1103	1117	1101	1108	
833	825	811	775	1162	1104	1104	1157	
825	763	789	786	1127	1124	1102	1128	
766	767	769	834	1118	1139	1146	1093	
795	800	764	765	1098	1111	1152	1143	
804	758	803	822	1111	1116	1104	1157	
829	798	773	760	1146	1119	1090	1145	
801	777	758	818	1107	1112	1161	1162	
769	823	822	766	1145	1116	1114	1117	
760	823	757	800	1096	1123	1150	1113	
769	774	806	789	1149	1114	1153	1138	
819	827	788	777	1127	1138	1100	1084	
827	814	803	760	1130	1111	1156	1130	
817	775	834	829	1099	1124	1087	1156	
796	762	803	835	1090	1105	1158	1096	
784	819	828	802	1124	1150	1131	1084	
818	800	791	759	1104	1159	1142	1097	
834	781	764	821	1140	1114	1136	1089	
803	773	804	779	1117	1089	1144	1101	
768	764	760	760	1089	1153	1099	1104	
780	764	835	762	1131	1123	1139	1113	
776	757	836	812	1120	1098	1088	1085	
818	799	795	760	1142	1100	1131	1090	
834	802	765	802	1134	1117	1088	1146	
771	828	825	773	1162	1138	1100	1091	
795	835	776	766	1149	1137	1097	1131	
794	830	773	778	1119	1120	1158	1126	
814	804	775	793	1137	1121	1128	1092	
801	835	787	823	1088	1118	1133	1147	
798	756	798	763	1100	1135	1163	1136	
783	778	835	776	1114	1137	1154	1101	
771	830	808	811	1095	1139	1100	1115	
760	797	821	814	1123	1092	1085	1149	
779	759	826	773	1114	1157	1097	1093	
816	757	832	761	1103	1097	1143	1128	
832	826	772	757	1110	1135	1123	1116	
820	792	810	798	1122	1090	1131	1135	
814	807	770	765	1127	1157	1094	1157	
815	756	824	774	1085	1138	1103	1149	
832	799	797	788	1150	1144	1114	1091	
830	775	763	803	1120	1136	1110	1087	
788	821	778	802	1119	1142	1158	1110	
827	775	836	835	1160	1104	1131	1119	
809	764	816	817	1153	1101	1159	1136	
830	791	832	781	1121	1085	1111	1097	
789	817	794	781	1136	1085	1108	1092	
776	833	805	825	1133	1098	1141	1154	
768	795	761	836	1093	1133	1131	1152	
756	835	820	764	1114	1138	1084	1104	
768	798	768	817	1107	1141	1125	1122	
758	826	835	762	1115	1103	1144	1135	
798	790	833	759	1151	1097	1144	1160	
813	814	760	836	1134	1130	1085	1129	
759	809	772	826	1105	1101	1141	1152	
833	764	833	758	1094	1092	1130	1092	
792	829	834	823	1099	1154	1115	1089	
783	758	835	802	1124	1144	1104	1114	
797	826	767	772	1110	1133	1084	1159	
801	793	773	758	1099	1123	1160	1134	
826	790	812	827	1135	1153	1130	1152	
801	757	802	760	1155	1155	1117	1126	
773	818	819	780	1140	1094	1087	1157	
777	831	793	772	1140	1089	1106	1127	
806	832	776	832	1111	1153	1106	1163	
768	793	835	814	1100	1121	1134	1151	
794	824	817	777	1093	1122	1147	1132	
816	771	761	763	1086	1156	1140	1103	
833	763	805	763	1130	1084	1139	1139	
762	790	831	806	1154	1100	1136	1153	
768	799	773	824	1087	1138	1148	1100	
817	813	822	763	1156	1118	1087	1094	
812	798	767	757	1144	1145	1147	1131	
825	815	833	778	1124	1121	1143	1142	
787	829	769	813	1086	1103	1092	1150	
758	786	799	815	1121	1090	1102	1154	
783	796	831	832	1099	1161	1139	1128	
758	813	789	772	1159	1152	1084	1091	
820	836	760	799	1138	1150	1114	1085	
792	760	813	832	1110	1143	1156	1084	
764	831	801	824	1157	1156	1085	1136	
810	770	817	781	1135	1084	1130	1096	
820	773	760	766	1121	1147	1090	1110	
821	833	786	760	1116	1141	1094	1157	
791	799	834	767	1097	1123	1156	1125	
786	769	780	780	1133	1154	1094	1117	
809	800	836	794	1091	1125	1107	1161	
805	761	810	808	1120	1115	1122	1101	
808	795	827	768	1102	1094	1151	1150	
791	792	826	798	1145	1132	1151	1132	
764	761	764	817	1090	1084	1162	1143	
793	776	800	834	1144	1085	1120	1149	
825	791	762	825	1116	1155	1106	1146	
828	763	784	784	1119	1084	1131	1144	
796	822	835	770	1084	1140	1098	1140	
763	765	798	808	1086	1116	1139	1139	
791	756	770	826	1143	1123	1113	1156	
807	821	770	760	1105	1130	1138	1097	
812	826	818	768	1145	1113	1144	1158	
760	822	761	767	1124	1086	1161	1103	
835	758	770	832	1084	1133	1112	1088	
775	789	828	773	1100	1140	1157	1159	
778	806	789	773	1156	1118	1116	1092	
759	767	795	815	1144	1126	1127	1110	
814	764	812	772	1097	1158	1155	1124	
814	799	810	834	1157	1139	1129	1125	
796	763	758	833	1090	1151	1163	1106	
821	767	802	811	1137	1130	1106	1112	
827	824	765	758	1094	1115	1118	1116	
818	811	807	765	1143	1147	1093	1113	
790	835	833	807	1098	1087	1124	1151	
767	812	790	814	1156	1126	1145	1099	
799	828	816	834	1133	1133	1145	1160	
788	821	836	757	1130	1106	1115	1102	
797	804	821	770	1136	1129	1155	1087	
772	810	831	762	1155	1154	1102	1110	
814	831	787	823	1115	1088	1110	1159	
774	797	774	830	1126	1120	1108	1139	
797	813	792	757	1122	1096	1137	1158	
828	782	829	773	1152	1160	1146	1090	
776	788	818	823	1101	1135	1161	1111	
771	766	819	832	1163	1111	1088	1155	
807	831	813	834	1105	1107	1129	1109	
804	799	756	808	1128	1109	1093	1162	
762	836	794	795	1137	1149	1112	1121	
780	772	766	779	1098	1152	1089	1157	
799	796	800	790	1156	1126	1095	1118	
828	779	814	824	1125	1106	1157	1089	
764	816	825	819	1147	1084	1152	1099	
771	773	766	834	1110	1120	1140	1156	
801	768	795	774	1133	1157	1138	1154	
769	795	804	818	1099	1126	1141	1150	
786	790	800	814	1153	1153	1096	1156	
778	809	780	834	1155	1160	1128	1100	
794	783	809	834	1136	1121	1116	1113	
762	815	771	819	1160	1149	1106	1107	
779	829	804	818	1145	1121	1112	1154	
833	801	779	824	1112	1088	1163	1092	
794	812	826	797	1144	1113	1110	1120	
836	761	813	762	1086	1134	1154	1099	
778	806	776	819	1151	1119	1149	1090	
759	835	757	775	1146	1124	1100	1098	
828	790	811	784	1150	1091	1139	1084	
767	756	812	822	1105	1124	1122	1151	
773	818	796	831	1091	1094	1111	1136	
825	761	826	790	1101	1134	1142	1136	
795	796	830	788	1139	1119	1103	1142	
825	765	781	776	1139	1127	1126	1106	
793	821	783	765	1145	1131	1096	1112	
792	766	801	820	1160	1128	1153	1163	
776	827	804	835	1158	1103	1096	1132	
784	781	757	828	1098	1125	1163	1151	
762	792	757	817	1095	1158	1161	1086	
767	814	763	821	1143	1097	1087	1151	
828	770	830	821	1125	1102	1125	1162	
796	789	798	756	1101	1158	1157	1153	
773	800	835	824	1144	1129	1149	1084	
778	809	758	767	1161	1137	1148	1093	
762	756	833	774	1105	1085	1153	1162	
805	773	789	820	1153	1091	1089	1103	
809	773	764	819	1134	1109	1104	1087	
762	829	804	831	1138	1088	1109	1088	
808	808	779	823	1105	1146	1162	1092	
768	758	819	786	1084	1151	1145	1139	
823	811	780	769	1098	1155	1120	1157	
768	834	820	792	1107	1115	1095	1145	
786	779	759	807	1142	1149	1152	1118	
782	767	833	794	1115	1084	1138	1153	
772	801	759	813	1156	1119	1151	1094	
821	778	758	823	1142	1122	1094	1132	
818	828	829	773	1117	1123	1131	1115	
773	797	772	795	1160	1117	1159	1114	
793	765	822	826	1087	1117	1163	1148	
774	811	811	833	1135	1156	1122	1097	
789	819	818	758	1110	1107	1139	1123	
812	792	814	767	1085	1105	1098	1153	
781	805	797	836	1113	1163	1130	1149	
763	795	809	824	1136	1158	1159	1108	
832	804	823	779	1155	1141	1130	1134	
782	789	835	765	1086	1160	1144	1146	
830	768	765	814	1087	1135	1109	1141	
776	804	791	834	1124	1091	1142	1147	
765	826	795	815	1121	1124	1163	1084	
814	809	792	778	1101	1163	1153	1116	
781	762	814	757	1097	1154	1088	1154	
819	793	760	793	1120	1143	1097	1146	
760	789	773	801	1118	1153	1120	1084	
805	809	785	764	1109	1124	1155	1088	
793	763	757	785	1163	1118	1124	1156	
778	799	822	827	1130	1097	1098	1109	
761	824	777	829	1135	1159	1122	1122	
836	770	810	779	1142	1152	1094	1158	
824	771	759	833	1094	1120	1151	1153	
778	811	820	805	1135	1148	1134	1114	
822	759	756	803	1145	1145	1149	1114	
795	836	795	785	1085	1127	1144	1097	
815	761	826	828	1128	1108	1097	1130	
781	773	809	785	1149	1093	1150	1132	
785	759	829	823	1099	1144	1148	1129	
821	764	784	756	1145	1104	1097	1099	
814	784	774	767	1126	1125	1139	1090	
756	801	831	797	1105	1154	1087	1123	
798	774	825	792	1147	1126	1138	1151	
797	780	780	827	1124	1127	1145	1122	
784	797	759	807	1141	1097	1102	1121	
792	761	797	812	1099	1130	1113	1099	
809	828	758	802	1128	1134	1114	1095	
781	766	824	791	1148	1087	1106	1092	
798	808	813	814	1097	1101	1143	1086	
780	757	804	830	1143	1092	1113	1136	
764	793	824	798	1096	1098	1100	1142	
786	782	825	813	1110	1114	1086	1156	
803	779	835	787	1119	1084	1163	1104	
794	813	802	768	1129	1141	1088	1152	
819	775	829	809	1141	1142	1099	1089	
761	822	764	803	1107	1154	1097	1133	
826	829	770	770	1117	1115	1084	1140	
818	757	835	813	1103	1101	1090	1151	
820	835	757	787	1159	1116	1090	1150	
781	825	756	820	1118	1139	1152	1089	
756	809	791	766	1087	1124	1152	1142	
775	760	801	834	1086	1154	1144	1089	
771	822	764	766	1103	1132	1112	1161	
835	830	786	814	1100	1100	1156	1091	
799	758	828	780	1135	1123	1087	1145	
825	757	783	835	1163	1084	1120	1084	
783	804	824	800	1139	1137	1098	1131	
826	801	817	818	1150	1133	1108	1100	
758	788	819	814	1097	1111	1119	1148	
824	757	799	824	1125	1125	1120	1092	
756	817	790	812	1126	1156	1111	1100	
797	822	815	758	1139	1159	1084	1161	
797	802	827	759	1139	1147	1115	1098	
773	818	831	786	1114	1128	1119	1158	
776	785	789	832	1152	1119	1098	1085	
805	792	768	830	1126	1141	1160	1099	
789	774	829	812	1156	1163	1153	1100	
757	787	790	802	1153	1132	1157	1093	
802	808	809	831	1121	1128	1154	1110	
815	759	765	760	1098	1157	1128	1093	
836	778	766	831	1106	1119	1120	1161	
820	765	759	797	1156	1107	1122	1101	
790	798	804	818	1119	1151	1113	1095	
780	821	791	773	1147	1124	1104	1109	
818	769	779	763	1107	1132	1146	1092	
776	822	830	821	1122	1140	1125	1141	
810	803	799	763	1114	1100	1114	1140	
836	827	834	766	1106	1091	1152	1140	
829	829	812	814	1147	1099	1162	1086	
815	798	787	799	1088	1099	1138	1140	
757	812	825	758	1161	1105	1141	1142	
822	812	832	777	1093	1147	1122	1146	
814	815	762	763	1119	1146	1147	1104	
771	803	778	822	1094	1120	1148	1124	
761	762	785	779	1138	1153	1089	1106	
785	788	773	777	1153	1129	1108	1151	
794	769	780	826	1163	1161	1144	1111	
769	791	830	809	1120	1151	1158	1091	
802	798	816	786	1149	1104	1084	1095	
760	830	796	761	1106	1131	1117	1136	
765	806	758	808	1117	1156	1107	1152	
805	829	830	759	1137	1121	1119	1086	
786	768	824	789	1138	1109	1121	1151	
769	784	785	822	1129	1142	1096	1159	
771	817	803	776	1090	1141	1155	1098	
794	834	782	827	1108	1088	1095	1149	
766	782	801	825	1111	1114	1149	1090	
836	825	810	769	1131	1143	1108	1090	
770	830	796	810	1084	1136	1137	1087	
802	766	788	759	1137	1113	1144	1141	
793	800	773	763	1160	1130	1104	1158	
763	814	828	823	1119	1134	1133	1087	
761	773	757	788	1152	1088	1126	1107	
771	833	832	792	1110	1100	1142	1140	
774	776	800	829	1111	1086	1132	1153	
798	802	812	774	1136	1150	1091	1103	
781	799	773	804	1118	1151	1154	1105	
812	788	834	781	1154	1105	1112	1126	
785	802	824	758	1114	1086	1144	1160	
776	801	820	809	1090	1151	1102	1131	
760	834	828	771	1121	1102	1138	1095	
825	815	767	822	1150	1157	1097	1088	
795	816	762	815	1121	1119	1137	1119	
834	825	785	756	1108	1133	1161	1084	
802	771	793	826	1105	1158	1161	1090	
803	781	804	835	1161	1123	1153	1094	
764	806	762	787	1123	1114	1147	1105	
788	834	817	792	1086	1152	1084	1131	
776	792	819	793	1152	1144	1131	1105	
758	800	833	784	1152	1147	1125	1108	
775	764	761	824	1163	1103	1084	1128	
763	765	828	802	1156	1121	1088	1148	
832	769	826	759	1099	1106	1155	1138	
806	825	790	775	1148	1117	1102	1159	
786	782	825	782	1095	1104	1144	1149	
832	810	778	825	1096	1129	1094	1122	
774	793	828	775	1113	1123	1097	1105	
788	760	783	800	1097	1085	1099	1157	
836	789	813	801	1125	1139	1163	1128	
778	827	836	782	1088	1144	1136	1160	
804	791	818	836	1134	1153	1146	1084	
808	801	832	830	1148	1113	1124	1095	
761	809	805	776	1160	1139	1105	1085	
790	765	810	769	1144	1107	1106	1150	
781	794	802	776	1095	1092	1127	1150	
813	773	768	777	1109	1141	1115	1109	
770	820	785	833	1136	1117	1139	1120	
773	784	769	825	1121	1139	1102	1153	
781	804	835	778	1122	1101	1114	1157	
834	816	781	758	1086	1135	1095	1157	
760	829	819	770	1109	1127	1130	1088	
809	760	759	756	1145	1141	1130	1132	
768	757	759	769	1147	1138	1088	1124	
780	787	827	798	1156	1149	1111	1101	
758	820	795	770	1130	1126	1110	1086	
763	769	836	797	1101	1113	1106	1160	
797	832	777	816	1139	1143	1158	1087	
827	795	762	790	1157	1112	1116	1151	
778	818	821	818	1143	1084	1084	1096	
807	827	803	835	1099	1119	1159	1134	
794	768	781	833	1092	1086	1087	1157	
824	812	810	825	1089	1145	1091	1120	
809	806	814	768	1110	1144	1144	1110	
795	765	835	835	1086	1161	1100	1161	
815	763	818	772	1139	1130	1139	1130	
818	781	771	790	1117	1136	1149	1088	
815	768	762	768	1114	1129	1158	1137	
768	833	817	768	1145	1132	1107	1133	
770	806	780	834	1137	1130	1096	1148	
831	779	771	809	1131	1145	1157	1109	
769	817	775	783	1160	1098	1146	1103	
822	780	802	831	1091	1146	1114	1127	
784	813	759	788	1085	1128	1158	1090	
821	771	796	815	1109	1114	1149	1138	
800	827	836	763	1101	1125	1121	1161	
765	814	785	756	1161	1122	1101	1119	
828	828	801	768	1150	1084	1086	1161	
806	835	763	808	1101	1128	1124	1155	
787	776	819	765	1159	1157	1103	1090	
835	792	831	766	1092	1142	1100	1145	
803	778	768	756	1159	1104	1090	1156	
801	766	766	836	1151	1154	1087	1119	
832	763	780	814	1087	1101	1104	1111	
821	828	760	758	1131	1125	1134	1102	
803	772	814	817	1109	1155	1149	1131	
799	807	816	801	1154	1114	1089	1115	
785	829	761	826	1107	1158	1119	1105	
822	774	779	789	1101	1127	1161	1146	
833	817	759	786	1119	1135	1149	1106	
807	834	759	836	1126	1093	1161	1102	
785	763	836	815	1086	1158	1092	1150	
792	824	766	829	1132	1102	1085	1140	
789	820	767	832	1149	1157	1141	1091	
828	801	827	766	1112	1136	1161	1087	
760	817	813	808	1117	1104	1150	1143	
788	756	819	822	1116	1148	1142	1158	
811	818	798	757	1130	1121	1109	1160	
834	800	824	792	1130	1137	1104	1155	
757	802	832	768	1127	1115	1143	1114	
818	791	811	757	1120	1109	1163	1085	
829	831	766	769	1119	1120	1148	1133	
828	780	766	819	1094	1128	1162	1163	
799	820	797	763	1155	1163	1093	1160	
765	787	810	764	1133	1091	1133	1132	
779	822	758	819	1141	1089	1134	1094	
817	829	762	770	1120	1113	1136	1130	
768	800	782	818	1146	1101	1107	1088	
810	830	760	757	1132	1107	1123	1163	
810	825	794	760	1131	1085	1130	1119	
826	800	800	757	1102	1131	1100	1086	
816	832	780	774	1109	1138	1152	1089	
817	825	782	813	1147	1086	1143	1140	
759	828	767	805	1134	1105	1140	1118	
792	764	815	817	1115	1144	1090	1117	
824	807	777	758	1136	1112	1158	1099	
823	826	782	831	1138	1133	1152	1151	
819	783	780	788	1111	1135	1149	1133	
815	784	765	820	1092	1111	1162	1133	
815	812	817	758	1138	1153	1121	1156	
802	836	806	832	1116	1087	1085	1162	
790	794	799	758	1160	1135	1139	1131	
787	772	800	826	1157	1090	1142	1147	
789	804	789	794	1090	1117	1121	1114	
761	763	830	768	1152	1089	1142	1161	
764	773	782	822	1111	1113	1127	1109	
786	792	814	830	1124	1128	1101	1106	
794	787	756	767	1153	1103	1112	1163	
811	807	788	775	1139	1111	1136	1149	
835	832	789	817	1084	1151	1136	1094	
799	775	832	830	1089	1097	1138	1150	
787	811	808	834	1123	1109	1117	1090	
756	823	836	788	1159	1161	1154	1113	
765	829	764	793	1085	1094	1161	1159	
792	810	803	833	1139	1089	1117	1145	
782	835	834	836	1129	1162	1146	1104	
774	775	784	835	1155	1096	1105	1130	
788	822	758	783	1145	1134	1101	1091	
815	824	801	762	1140	1137	1148	1130	
832	796	777	780	1158	1103	1153	1109	
771	827	821	770	1154	1152	1130	1085	
776	760	800	782	1088	1105	1121	1149	
820	832	796	811	1151	1097	1132	1147	
781	786	819	805	1096	1114	1113	1158	
759	830	797	836	1095	1086	1122	1124	
760	761	757	804	1144	1100	1156	1084	
769	823	788	766	1092	1151	1114	1116	
828	779	758	786	1154	1129	1120	1107	
807	802	807	756	1137	1104	1158	1134	
829	758	778	826	1091	1137	1125	1124	
793	824	774	830	1115	1134	1161	1111	
805	796	780	799	1161	1147	1115	1117	
767	817	794	814	1131	1134	1112	1092	
775	771	805	818	1163	1124	1122	1147	
823	817	766	765	1143	1119	1157	1145	
832	766	823	802	1124	1115	1085	1156	
829	791	828	757	1157	1145	1107	1111	
788	757	820	765	1131	1159	1103	1104	
826	767	825	774	1152	1152	1104	1088	
835	759	823	800	1145	1095	1124	1143	
810	800	773	809	1130	1092	1154	1090	
768	783	797	835	1101	1102	1124	1154	
786	796	827	777	1143	1116	1128	1157	
784	813	792	781	1141	1162	1144	1111	
836	759	820	820	1160	1121	1145	1102	
770	786	803	809	1157	1090	1122	1096	
759	776	812	766	1146	1135	1095	1093	
812	821	784	812	1133	1120	1086	1092	
800	808	760	823	1090	1107	1157	1137	
820	762	800	781	1163	1121	1084	1098	
787	761	821	809	1129	1143	1087	1096	
790	821	768	830	1108	1087	1102	1127	
831	802	832	780	1137	1114	1114	1126	
809	775	801	811	1141	1141	1122	1085	
825	805	766	760	1150	1102	1160	1090	
824	819	765	794	1090	1154	1119	1162	
759	772	826	782	1105	1109	1143	1086	
764	806	814	765	1150	1109	1102	1154	
784	832	823	757	1107	1129	1147	1118	
800	796	763	762	1162	1085	1163	1124	
772	836	758	765	1118	1145	1109	1163	
782	765	789	767	1098	1109	1135	1158	
806	829	816	775	1114	1140	1087	1158	
763	824	814	799	1108	1154	1121	1091	
812	761	759	783	1148	1093	1085	1121	
797	800	763	759	1146	1148	1116	1093	
830	758	794	757	1087	1097	1155	1119	
756	775	821	821	1099	1091	1143	1159	
779	821	762	811	1086	1101	1132	1110	
830	776	828	758	1100	1098	1153	1123	
764	806	825	757	1122	1151	1146	1123	
758	783	776	828	1142	1154	1114	1133	
795	820	756	814	1144	1156	1088	1147	
824	826	760	769	1088	1158	1145	1138	
776	778	808	769	1142	1126	1156	1103	
804	781	808	773	1127	1129	1084	1125	
766	756	769	826	1128	1134	1133	1086	
827	759	822	774	1129	1107	1105	1099	
772	833	768	830	1112	1154	1097	1139	
763	759	830	815	1126	1113	1112	1147	
810	833	829	756	1127	1157	1103	1125	
799	800	834	756	1087	1097	1160	1107	
796	813	787	767	1145	1144	1112	1133	
791	797	834	831	1087	1085	1122	1086	
809	783	766	836	1119	1090	1107	1108	
791	769	802	793	1137	1123	1116	1093	
812	819	836	835	1113	1092	1111	1120	
783	786	785	762	1092	1085	1163	1129	
833	808	770	832	1093	1096	1137	1114	
823	830	822	771	1091	1160	1107	1115	
803	827	772	756	1142	1096	1161	1109	
801	773	771	826	1159	1123	1142	1148	
833	785	756	767	1117	1091	1158	1137	
782	798	801	756	1119	1110	1121	1141	
833	836	791	774	1156	1153	1100	1163	
756	788	812	825	1133	1084	1135	1132	
758	771	827	820	1088	1162	1125	1120	
785	802	791	811	1153	1156	1086	1101	
769	779	806	829	1105	1099	1137	1147	
812	776	769	804	1161	1130	1139	1097	
801	771	792	764	1155	1095	1122	1133	
822	770	820	778	1152	1098	1101	1162	
770	811	807	759	1154	1104	1158	1147	
821	790	794	822	1136	1126	1085	1140	
813	828	775	818	1155	1111	1097	1157	
758	812	791	769	1142	1097	1137	1152	
780	762	811	815	1117	1104	1115	1138	
824	793	802	803	1110	1136	1090	1161	
786	823	756	832	1152	1116	1093	1162	
833	788	816	772	1099	1157	1099	1088	
756	823	769	807	1152	1160	1139	1120	
821	791	758	818	1104	1163	1158	1091	
835	778	793	792	1094	1085	1126	1088	
827	794	834	795	1146	1096	1110	1084	
773	759	802	759	1163	1104	1117	1139	
802	787	834	771	1151	1107	1094	1143	
819	810	834	770	1132	1104	1152	1100	
835	802	811	804	1093	1123	1155	1149	
807	774	836	835	1128	1135	1136	1148	
775	759	786	836	1100	1097	1162	1131	
814	785	785	759	1137	1143	1118	1092	
813	765	826	768	1159	1129	1115	1090	
802	758	801	800	1153	1109	1121	1159	
790	787	759	799	1123	1160	1098	1085	
788	836	823	798	1158	1115	1160	1143	
827	767	771	793	1131	1107	1147	1159	
764	775	807	834	1088	1140	1122	1116	
765	803	824	807	1117	1084	1161	1102	
787	782	769	828	1093	1157	1156	1105	
832	780	834	764	1120	1121	1158	1103	
801	809	758	765	1129	1151	1089	1093	
789	763	770	815	1090	1128	1159	1158	
759	757	792	771	1125	1094	1161	1094	
819	798	756	788	1116	1160	1084	1145	
786	821	786	756	1089	1163	1105	1159	
791	785	817	818	1126	1092	1122	1151	
792	776	830	758	1146	1101	1088	1107	
814	801	781	758	1119	1126	1091	1146	
784	799	768	763	1148	1162	1089	1107	
835	811	835	782	1093	1145	1119	1151	
769	782	764	761	1116	1102	1150	1138	
772	828	766	831	1140	1138	1139	1132	
763	819	763	825	1093	1105	1162	1109	
807	800	823	771	1143	1162	1111	1120	
819	776	801	778	1085	1146	1128	1097	
822	773	836	766	1084	1143	1135	1088	
763	774	827	759	1087	1102	1084	1148	
824	783	825	799	1107	1124	1090	1104	
794	826	770	756	1102	1135	1104	1149	
777	759	787	828	1128	1127	1111	1094	
771	758	805	785	1157	1144	1096	1124	
799	796	791	760	1128	1102	1121	1139	
789	811	812	784	1097	1109	1105	1089	
792	776	761	821	1093	1153	1102	1120	
821	803	824	801	1140	1094	1140	1137	
759	762	809	830	1153	1112	1095	1094	
818	762	789	762	1153	1090	1105	1149	
814	776	821	802	1160	1102	1106	1162	
763	791	789	830	1160	1152	1091	1116	
758	777	832	818	1127	1160	1096	1105	
829	791	789	816	1118	1142	1100	1144	
801	759	786	821	1096	1105	1131	1149	
771	816	778	784	1144	1127	1122	1156	
831	835	770	834	1101	1102	1118	1158	
784	768	828	758	1147	1115	1141	1095	
781	821	828	760	1136	1140	1086	1160	
756	821	760	809	1086	1120	1153	1091	
795	775	807	827	1095	1142	1161	1109	
830	803	756	817	1086	1091	1146	1089	
758	768	756	820	1162	1108	1163	1099	
832	796	776	767	1104	1125	1157	1158	
819	757	816	815	1113	1107	1132	1160	
777	796	776	775	1111	1120	1148	1086	
824	834	787	778	1109	1111	1092	1162	
757	785	835	790	1102	1129	1112	1141	
797	775	811	758	1120	1117	1137	1144	
795	783	770	831	1155	1099	1100	1085	
758	815	764	816	1101	1091	1095	1124	
797	808	783	780	1127	1151	1125	1101	
768	821	826	797	1159	1142	1123	1084	
826	810	817	760	1120	1086	1139	1098	
799	756	823	802	1159	1149	1145	1096	
829	793	768	770	1148	1102	1124	1105	
800	759	812	800	1121	1085	1152	1120	
782	831	808	765	1130	1118	1156	1101	
819	814	813	764	1139	1163	1097	1087	
774	817	799	800	1091	1122	1119	1161	
816	777	817	762	1120	1091	1111	1107	
780	824	818	769	1122	1094	1131	1132	
766	808	807	807	1096	1141	1155	1088	
800	803	775	766	1146	1123	1121	1141	
804	763	811	791	1089	1127	1088	1153	
795	762	822	780	1132	1150	1093	1124	
777	818	783	815	1122	1089	1088	1107	
776	775	802	823	1108	1117	1155	1127	
756	758	821	762	1093	1094	1150	1099	
799	760	776	800	1121	1115	1120	1145	
821	785	793	834	1133	1145	1143	1113	
796	761	788	806	1139	1158	1129	1148	
810	772	758	795	1113	1095	1143	1156	
804	761	816	798	1113	1112	1126	1149	
778	760	817	805	1118	1113	1101	1140	
782	801	761	801	1149	1127	1116	1099	
826	809	823	758	1126	1135	1114	1090	
833	773	806	827	1149	1089	1096	1106	
778	779	834	814	1159	1105	1088	1155	
809	808	830	761	1126	1111	1085	1107	
815	822	756	764	1125	1086	1121	1118	
776	795	784	775	1158	1104	1114	1148	
810	772	782	803	1153	1085	1134	1096	
762	774	784	824	1117	1102	1147	1097	
767	784	774	815	1128	1085	1156	1086	
761	786	783	834	1135	1104	1163	1110	
794	783	836	778	1144	1150	1161	1102	
797	801	778	809	1127	1101	1148	1093	
776	827	765	760	1151	1116	1106	1085	
835	775	799	777	1154	1093	1128	1163	
799	819	831	787	1091	1087	1159	1085	
793	765	783	793	1097	1136	1133	1089	
785	768	832	806	1144	1098	1145	1088	
774	810	759	802	1121	1157	1093	1147	
787	790	801	811	1115	1149	1098	1109	
806	816	757	758	1155	1162	1088	1105	
797	768	791	792	1140	1089	1145	1094	
796	806	779	764	1137	1108	1086	1139	
812	808	779	790	1135	1154	1101	1104	
800	787	798	771	1110	1127	1099	1156	
779	828	764	823	1141	1091	1088	1106	
835	806	819	772	1136	1084	1103	1105	
783	773	756	828	1125	1149	1126	1097	
782	796	762	798	1104	1123	1111	1085	
826	762	833	779	1149	1090	1149	1111	
764	781	833	821	1123	1110	1148	1118	
804	779	781	759	1107	1155	1117	1103	
815	781	797	757	1101	1152	1101	1105	
823	830	759	813	1151	1099	1096	1148	
808	835	772	766	1148	1115	1118	1163	
800	793	783	826	1109	1125	1163	1118	
799	768	818	798	1101	1154	1143	1092	
799	792	832	765	1120	1125	1163	1107	
784	814	827	775	1158	1131	1108	1150	
823	805	795	764	1096	1132	1114	1159	
781	835	816	767	1136	1136	1163	1100	
834	770	789	778	1109	1134	1129	1094	
778	834	821	781	1104	1108	1119	1161	
811	780	818	817	1130	1088	1108	1132	
802	800	798	822	1112	1103	1154	1150	
786	757	829	766	1152	1157	1092	1151	
809	836	832	756	1105	1085	1155	1095	
805	793	781	769	1154	1150	1098	1115	
775	836	771	827	1149	1088	1144	1156	
807	835	804	804	1110	1109	1122	1145	
819	794	825	758	1100	1110	1156	1145	
794	776	778	795	1137	1133	1150	1091	
768	790	775	791	1127	1142	1103	1129	
758	793	788	820	1158	1088	1151	1105	
781	801	785	781	1110	1097	1160	1089	
827	791	799	765	1130	1093	1161	1153	
789	825	773	832	1104	1099	1142	1152	
796	791	774	828	1095	1135	1137	1140	
807	793	767	771	1094	1156	1116	1095	
805	795	836	765	1158	1131	1133	1101	
756	800	803	794	1124	1137	1134	1163	
813	798	818	759	1123	1155	1134	1097	
792	816	834	817	1126	1139	1087	1132	
809	806	759	830	1117	1150	1089	1120	
765	770	769	829	1116	1138	1124	1090	
789	777	802	825	1093	1134	1087	1148	
768	773	830	801	1156	1097	1141	1084	
814	820	798	817	1105	1153	1147	1139	
822	775	826	825	1139	1118	1098	1132	
805	803	831	758	1116	1106	1146	1155	
817	794	788	770	1154	1149	1087	1148	
817	778	777	787	1127	1144	1086	1158	
831	771	779	823	1155	1114	1116	1124	
802	766	767	763	1103	1084	1123	1152	
807	791	789	773	1085	1134	1158	1123	
766	808	800	836	1153	1112	1151	1101	
761	779	828	769	1091	1085	1087	1142	
811	774	804	764	1120	1126	1126	1111	
790	766	804	834	1149	1126	1096	1120	
799	764	817	757	1096	1105	1163	1156	
790	820	835	756	1112	1145	1095	1141	
828	824	833	758	1163	1104	1139	1134	
775	826	810	834	1102	1141	1148	1154	
808	809	791	768	1161	1113	1112	1092	
761	774	813	814	1135	1119	1090	1147	
836	830	756	791	1105	1112	1095	1162	
778	767	835	759	1120	1149	1128	1098	
800	794	760	767	1117	1085	1092	1155	
797	771	836	811	1132	1142	1093	1155	
761	827	808	828	1110	1098	1090	1145	
821	809	771	809	1098	1143	1109	1106	
773	770	810	796	1106	1138	1123	1139	
803	777	833	771	1130	1113	1151	1125	
819	815	758	759	1107	1106	1100	1153	
826	780	763	797	1139	1105	1104	1162	
758	806	800	789	1086	1117	1139	1091	
757	835	833	770	1101	1144	1121	1155	
777	802	774	779	1088	1112	1149	1153	
778	796	821	836	1086	1106	1163	1131	
764	776	762	816	1134	1092	1136	1153	
800	808	824	766	1095	1115	1142	1159	
770	758	816	811	1148	1148	1101	1135	
775	759	820	814	1154	1119	1092	1086	
818	811	822	805	1105	1144	1104	1135	
832	771	799	801	1138	1109	1109	1120	
783	780	782	777	1087	1124	1156	1102	
791	764	835	767	1105	1098	1156	1094	
797	783	785	763	1128	1130	1131	1143	
767	822	777	834	1088	1138	1127	1106	
826	835	826	774	1128	1089	1106	1090	
790	767	774	806	1112	1153	1104	1098	
782	821	788	835	1117	1159	1100	1133	
787	761	775	814	1122	1090	1124	1160	
756	762	813	791	1110	1149	1093	1106	
759	797	777	767	1162	1097	1163	1143	
778	766	835	825	1095	1098	1143	1136	
817	822	760	827	1086	1153	1148	1157	
821	785	762	770	1155	1144	1154	1110	
784	806	761	774	1140	1091	1138	1142	
767	774	759	822	1159	1110	1086	1122	
791	835	827	809	1153	1097	1159	1150	
803	765	793	798	1148	1163	1100	1123	
793	803	833	780	1149	1108	1162	1158	
761	778	757	832	1141	1143	1161	1094	
833	776	763	803	1119	1114	1084	1154	
768	782	831	792	1162	1108	1129	1114	
758	758	833	817	1112	1135	1161	1130	
791	812	807	763	1098	1107	1130	1162	
773	808	820	816	1139	1104	1086	1162	
822	827	782	768	1150	1123	1088	1125	
781	760	793	787	1106	1135	1122	1099	
760	812	769	806	1159	1090	1103	1137	
780	758	798	826	1093	1151	1120	1143	
775	824	818	828	1085	1092	1148	1148	
807	760	828	815	1100	1115	1155	1143	
825	814	760	829	1149	1114	1098	1138	
826	790	779	779	1094	1155	1129	1163	
807	787	787	759	1143	1085	1133	1142	
802	788	823	757	1115	1162	1101	1137	
767	792	762	770	1103	1085	1096	1154	
796	811	761	789	1119	1142	1163	1100	
783	809	803	763	1117	1155	1132	1123	
833	815	812	769	1088	1162	1117	1132	
816	811	826	778	1147	1094	1111	1107	
818	778	800	774	1163	1098	1098	1154	
761	825	831	769	1107	1143	1101	1155	
797	786	788	783	1153	1137	1098	1091	
795	829	822	769	1102	1094	1093	1163	
760	835	833	801	1154	1100	1103	1139	
798	814	835	762	1099	1124	1162	1151	
778	826	828	793	1087	1122	1143	1152	
836	800	791	821	1118	1145	1158	1106	
795	808	807	784	1146	1150	1089	1091	
805	761	797	805	1146	1123	1085	1134	
787	830	806	773	1129	1122	1092	1089	
791	834	775	776	1120	1158	1084	1084	
835	789	806	774	1139	1128	1128	1090	
815	780	827	794	1106	1158	1137	1153	
775	790	759	821	1086	1097	1127	1156	
764	799	778	810	1099	1107	1086	1159	
812	831	785	762	1112	1100	1150	1159	
768	834	768	832	1140	1148	1156	1100	
805	830	817	786	1104	1128	1090	1156	
831	814	774	830	1131	1144	1099	1092	
763	792	801	831	1132	1101	1132	1158	
828	811	758	758	1097	1142	1126	1092	
