L1	L2	L3	L4	R1	R2	R3	R4	
760	788	808	757	1149	1105	1093	1094	
801	820	814	778	1087	1088	1127	1153	
797	779	781	777	1097	1151	1163	1094	
776	810	815	832	1102	1090	1149	1150	
789	774	795	783	1114	1097	1158	1114	
792	800	756	791	1113	1134	1151	1100	
822	805	790	764	1095	1162	1106	1104	
767	788	833	821	1133	1141	1102	1105	
828	762	772	828	1151	1141	1104	1163	
805	804	828	761	1142	1087	1146	1084	
802	799	803	796	1129	1086	1132	1121	
834	790	818	823	1159	1163	1147	1093	
763	797	822	830	1109	1102	1156	1162	
803	795	760	772	1107	1160	1134	1134	
787	790	807	760	1125	1158	1113	1090	
833	796	783	799	1151	1147	1094	1102	
820	793	786	811	1148	1132	1104	1161	
757	769	779	817	1145	1156	1084	1131	
776	828	824	801	1095	1105	1123	1158	
796	778	786	808	1087	1103	1161	1135	
816	776	764	823	1135	1120	1133	1154	
813	765	756	793	1086	1087	1152	1160	
789	764	805	764	1136	1139	1123	1096	
773	759	807	834	1151	1087	1134	1149	
778	799	799	765	1103	1141	1149	1128	
774	796	832	826	1150	1121	1112	1096	
831	774	775	830	1124	1088	1099	1145	
758	813	802	780	1151	1127	1115	1085	
802	776	773	764	1103	1138	1085	1162	
821	758	797	827	1108	1119	1152	1106	
814	794	794	760	1124	1111	1111	1112	
777	766	793	765	1116	1129	1086	1093	
829	766	763	823	1154	1138	1158	1102	
796	768	814	825	1148	1149	1150	1096	
767	800	817	815	1123	1117	1141	1137	
826	765	762	794	1125	1149	1085	1155	
820	804	793	779	1106	1123	1086	1161	
822	813	776	756	1105	1131	1161	1105	
778	810	805	785	1153	1155	1089	1146	
833	808	771	774	1136	1136	1112	1142	
779	756	770	827	1121	1161	1100	1133	
800	796	760	756	1146	1146	1091	1154	
809	833	826	784	1108	1106	1119	1085	
823	827	818	810	1092	1140	1130	1118	
815	760	775	821	1152	1086	1131	1086	
761	782	820	814	1144	1088	1091	1129	
796	760	774	814	1097	1145	1106	1124	
776	824	810	757	1104	1113	1151	1131	
768	807	814	836	1140	1090	1157	1119	
833	829	798	758	1132	1085	1091	1137	
806	789	785	814	1128	1157	1138	1089	
783	785	807	801	1128	1092	1159	1096	
779	806	761	783	1117	1133	1155	1121	
828	801	777	771	1108	1160	1119	1090	
805	797	759	790	1092	1130	1121	1094	
794	765	781	795	1100	1162	1134	1084	
769	825	833	784	1117	1161	1092	1129	
820	821	835	761	1098	1160	1138	1155	
787	780	810	760	1153	1102	1106	1098	
824	780	758	758	1137	1125	1161	1112	
781	812	791	823	1109	1115	1151	1141	
835	756	762	809	1084	1147	1101	1118	
816	761	768	763	1110	1141	1139	1086	
791	790	832	822	1150	1149	1102	1114	
780	804	828	760	1111	1110	1103	1136	
762	794	787	821	1111	1163	1127	1130	
788	771	817	790	1132	1132	1156	1087	
800	759	798	835	1148	1115	1089	1129	
768	782	770	832	1148	1134	1133	1152	
760	803	780	777	1088	1159	1136	1126	
791	810	770	836	1102	1091	1160	1130	
797	804	794	831	1132	1089	1108	1100	
812	833	763	810	1092	1091	1153	1120	
834	811	833	816	1116	1114	1095	1129	
821	819	779	817	1147	1126	1101	1104	
807	760	764	828	1146	1163	1084	1084	
792	768	803	805	1108	1146	1125	1153	
832	776	803	801	1085	1131	1115	1099	
819	820	765	773	1102	1162	1096	1150	
811	772	830	768	1091	1084	1135	1111	
782	803	823	759	1126	1101	1093	1088	
756	794	791	820	1110	1122	1125	1115	
774	776	763	820	1126	1133	1114	1095	
802	813	760	783	1146	1093	1154	1095	
811	768	818	812	1154	1105	1149	1090	
757	833	766	785	1127	1148	1163	1106	
802	808	774	812	1156	1116	1148	1103	
784	800	797	818	1140	1151	1087	1159	
775	783	774	822	1086	1127	1146	1157	
796	783	832	787	1138	1085	1115	1089	
836	761	790	801	1115	1088	1154	1089	
817	814	767	825	1102	1148	1099	1093	
772	826	806	829	1140	1105	1122	1158	
756	773	810	819	1157	1084	1132	1087	
798	759	772	782	1158	1152	1136	1136	
779	835	771	760	1160	1109	1143	1099	
826	778	826	768	1108	1127	1093	1148	
766	760	781	766	1150	1134	1084	1085	
809	764	770	832	1123	1124	1108	1156	
794	836	812	761	1098	1145	1126	1141	
758	792	790	818	1116	1086	1158	1148	
793	834	808	800	1106	1149	1089	1159	
829	816	759	803	1128	1147	1089	1141	
827	822	797	775	1095	1140	1157	1108	
809	829	764	831	1130	1145	1101	1151	
766	819	764	769	1130	1136	1119	1090	
784	758	785	834	1087	1106	1097	1085	
781	793	774	830	1128	1099	1131	1154	
824	773	766	818	1094	1127	1145	1124	
798	812	818	794	1089	1147	1148	1116	
792	788	786	780	1161	1101	1090	1134	
823	796	771	836	1112	1158	1113	1088	
786	784	831	782	1150	1108	1143	1146	
806	773	830	794	1102	1099	1119	1163	
791	778	825	820	1136	1107	1152	1112	
834	796	824	792	1156	1118	1162	1142	
830	832	778	777	1160	1137	1085	1107	
794	756	819	798	1133	1162	1099	1088	
774	826	777	816	1087	1149	1112	1144	
772	795	771	825	1131	1128	1092	1138	
811	825	762	770	1129	1151	1130	1149	
831	786	814	777	1093	1111	1153	1157	
829	776	760	814	1090	1151	1086	1136	
820	793	784	806	1094	1147	1129	1141	
777	830	818	826	1109	1100	1155	1163	
805	756	788	826	1085	1139	1152	1092	
763	794	796	818	1136	1088	1098	1155	
760	812	809	807	1156	1095	1128	1128	
780	835	828	786	1126	1140	1093	1144	
773	758	822	823	1096	1093	1163	1090	
814	770	823	823	1152	1096	1163	1106	
810	834	796	796	1139	1117	1110	1092	
769	780	761	812	1132	1087	1137	1160	
789	783	824	789	1151	1133	1154	1087	
834	800	802	777	1098	1095	1137	1157	
773	803	809	799	1119	1135	1161	1163	
809	828	803	768	1139	1127	1101	1162	
788	826	762	833	1119	1099	1103	1151	
785	815	825	772	1103	1113	1095	1155	
804	777	808	832	1158	1148	1109	1149	
799	825	811	808	1097	1106	1129	1112	
805	835	820	761	1120	1111	1161	1099	
803	783	760	823	1091	1113	1093	1149	
772	790	761	835	1094	1120	1104	1142	
799	775	799	835	1156	1115	1149	1089	
802	770	774	828	1105	1140	1096	1161	
773	832	779	830	1122	1117	1161	1139	
791	767	765	828	1122	1140	1138	1154	
782	836	833	774	1103	1106	1132	1146	
822	761	787	830	1158	1092	1089	1143	
834	826	778	773	1115	1123	1101	1129	
782	820	833	784	1110	1090	1114	1150	
835	765	826	811	1112	1110	1161	1090	
782	829	781	808	1100	1162	1109	1161	
763	802	835	788	1103	1120	1113	1116	
790	799	823	781	1147	1132	1122	1117	
756	831	759	773	1135	1100	1146	1108	
834	767	799	759	1116	1106	1105	1152	
798	809	834	762	1126	1125	1096	1132	
830	801	773	817	1144	1129	1162	1108	
777	788	830	774	1132	1109	1093	1162	
780	775	829	817	1162	1108	1148	1110	
806	773	787	756	1159	1087	1105	1088	
834	821	775	822	1116	1121	1152	1110	
809	819	756	807	1103	1118	1122	1089	
827	793	761	777	1099	1089	1155	1155	
787	790	779	786	1140	1114	1128	1154	
757	772	816	831	1122	1089	1107	1130	
757	819	772	781	1107	1161	1100	1106	
756	826	799	768	1111	1097	1163	1088	
762	827	817	768	1110	1151	1138	1145	
777	786	817	798	1135	1126	1124	1088	
836	769	793	770	1146	1107	1161	1085	
816	783	797	760	1145	1136	1098	1110	
809	764	768	817	1096	1138	1137	1085	
828	764	795	819	1135	1091	1155	1093	
790	836	829	770	1105	1127	1159	1092	
782	822	761	800	1103	1159	1129	1114	
815	795	799	825	1090	1147	1089	1113	
774	822	829	830	1131	1121	1107	1088	
824	792	762	792	1095	1151	1162	1140	
816	794	816	771	1126	1128	1128	1147	
833	784	762	777	1135	1110	1086	1136	
836	820	826	779	1106	1090	1134	1100	
804	788	766	821	1146	1151	1145	1163	
757	818	760	834	1131	1122	1115	1160	
822	810	793	798	1136	1105	1084	1131	
799	824	805	812	1086	1151	1107	1099	
765	774	823	818	1086	1132	1089	1153	
833	803	764	763	1098	1151	1153	1092	
779	808	831	834	1163	1151	1121	1087	
815	788	810	835	1114	1140	1160	1148	
803	790	779	792	1137	1137	1162	1086	
787	824	834	793	1127	1088	1109	1128	
816	794	781	792	1112	1152	1163	1091	
767	820	812	825	1156	1159	1121	1107	
761	827	802	834	1092	1091	1084	1135	
769	824	759	795	1105	1116	1152	1140	
830	828	781	836	1098	1097	1154	1129	
823	778	798	798	1120	1098	1132	1161	
821	829	811	788	1120	1153	1141	1096	
793	811	770	800	1098	1126	1148	1085	
772	831	758	817	1097	1123	1150	1145	
789	793	783	816	1138	1126	1135	1108	
772	829	777	776	1098	1158	1158	1094	
771	834	805	775	1154	1152	1103	1084	
810	833	779	773	1148	1161	1087	1143	
835	801	791	783	1124	1098	1107	1153	
771	761	774	826	1163	1084	1154	1146	
823	785	796	794	1097	1107	1159	1135	
809	756	834	757	1106	1162	1085	1132	
836	818	790	808	1111	1144	1103	1095	
767	822	803	815	1099	1127	1121	1137	
821	828	802	822	1084	1093	1153	1140	
769	797	766	759	1133	1112	1135	1151	
770	827	762	802	1136	1125	1146	1088	
774	827	810	781	1104	1097	1160	1100	
784	759	831	815	1134	1090	1163	1086	
808	814	819	770	1160	1104	1120	1089	
808	829	791	830	1114	1094	1151	1160	
767	782	756	783	1085	1146	1158	1110	
803	824	831	780	1143	1147	1108	1146	
796	797	833	818	1163	1128	1124	1106	
786	768	817	826	1125	1118	1136	1127	
771	801	817	776	1160	1147	1097	1159	
808	780	800	788	1104	1151	1144	1162	
765	772	792	832	1116	1095	1141	1096	
805	820	803	772	1103	1113	1138	1098	
828	783	773	831	1145	1105	1137	1121	
775	777	835	788	1102	1117	1095	1141	
774	825	810	787	1163	1098	1109	1160	
798	808	806	792	1118	1116	1138	1147	
760	771	759	831	1084	1137	1154	1154	
832	812	781	782	1104	1100	1137	1162	
815	788	820	757	1149	1154	1149	1125	
808	815	800	757	1100	1154	1156	1101	
825	792	795	776	1095	1124	1161	1152	
769	789	817	758	1101	1091	1148	1134	
830	825	787	766	1151	1146	1114	1109	
783	803	800	810	1156	1144	1093	1096	
824	796	814	768	1159	1155	1133	1098	
821	756	772	817	1089	1150	1090	1138	
783	756	761	775	1153	1141	1095	1091	
816	756	813	757	1107	1099	1147	1130	
792	761	808	802	1095	1145	1096	1109	
770	775	806	835	1150	1137	1122	1103	
794	820	767	772	1152	1099	1095	1162	
830	824	773	814	1098	1097	1153	1161	
786	784	799	773	1097	1137	1098	1085	
773	836	771	824	1119	1101	1138	1151	
815	835	786	776	1138	1091	1140	1126	
768	800	811	777	1102	1158	1110	1113	
786	766	759	820	1116	1162	1114	1110	
760	790	793	794	1101	1085	1157	1117	
834	802	773	829	1113	1121	1113	1121	
777	815	781	819	1143	1150	1126	1093	
763	823	775	768	1145	1085	1137	1107	
792	832	769	767	1128	1116	1152	1158	
766	815	783	814	1145	1102	1157	1118	
807	800	789	833	1130	1146	1105	1089	
822	779	762	820	1115	1128	1157	1085	
776	816	762	756	1087	1146	1162	1148	
771	813	834	832	1147	1086	1087	1148	
759	794	827	767	1099	1129	1106	1152	
811	764	757	824	1141	1149	1087	1124	
823	785	762	831	1107	1119	1150	1124	
820	782	773	815	1115	1123	1158	1084	
805	770	829	810	1141	1084	1140	1092	
797	827	792	808	1103	1128	1127	1113	
784	799	767	834	1106	1144	1142	1156	
774	816	758	831	1150	1111	1162	1163	
821	797	762	762	1153	1106	1163	1105	
757	804	777	764	1146	1088	1094	1116	
768	802	761	834	1120	1117	1150	1096	
797	780	776	770	1106	1095	1152	1144	
824	820	767	762	1105	1105	1159	1113	
784	772	835	759	1141	1152	1088	1146	
823	781	781	766	1159	1149	1112	1085	
769	779	802	828	1084	1147	1105	1131	
805	784	815	782	1140	1103	1162	1145	
789	806	771	826	1101	1128	1154	1123	
771	836	798	764	1097	1125	1139	1129	
764	827	799	808	1126	1127	1133	1144	
828	809	818	834	1106	1129	1113	1160	
836	797	759	821	1156	1086	1095	1151	
768	759	836	780	1159	1109	1144	1085	
835	786	773	822	1100	1124	1097	1145	
816	784	836	776	1127	1125	1132	1100	
819	778	822	769	1146	1140	1096	1107	
764	766	811	802	1147	1110	1101	1100	
760	767	765	812	1128	1089	1124	1100	
805	830	809	782	1106	1138	1127	1085	
834	799	771	782	1125	1130	1092	1110	
794	758	814	802	1109	1149	1089	1140	
817	802	828	768	1115	1103	1096	1137	
828	757	780	756	1160	1104	1143	1100	
778	808	774	760	1095	1144	1113	1110	
772	821	794	764	1163	1113	1130	1150	
830	762	781	830	1084	1134	1136	1133	
835	769	758	826	1101	1114	1103	1111	
826	817	772	761	1155	1137	1148	1088	
794	768	793	760	1123	1147	1152	1115	
769	776	829	760	1084	1153	1096	1126	
769	780	766	825	1123	1112	1087	1151	
769	773	835	769	1140	1162	1160	1151	
809	797	805	833	1113	1094	1152	1130	
767	786	821	799	1138	1160	1144	1094	
836	802	777	758	1131	1099	1084	1084	
757	801	810	791	1110	1088	1155	1139	
780	814	757	810	1142	1105	1101	1129	
764	833	806	766	1130	1087	1145	1093	
825	757	808	792	1121	1158	1086	1125	
787	773	826	827	1124	1124	1114	1155	
824	785	810	773	1146	1149	1103	1138	
827	794	773	764	1148	1089	1122	1092	
811	824	821	773	1104	1150	1159	1102	
774	831	791	823	1094	1159	1137	1098	
822	756	830	775	1126	1140	1093	1151	
759	836	827	775	1118	1127	1126	1102	
828	789	810	785	1145	1123	1116	1091	
836	802	756	815	1145	1155	1163	1148	
806	766	793	810	1119	1102	1151	1148	
756	794	787	834	1103	1140	1155	1088	
788	796	761	812	1118	1136	1159	1132	
763	836	798	827	1131	1090	1150	1089	
834	784	806	757	1145	1098	1136	1099	
822	818	801	761	1154	1109	1120	1124	
806	789	775	831	1113	1121	1124	1100	
799	829	784	777	1146	1157	1145	1095	
831	815	762	818	1137	1110	1129	1087	
814	786	791	772	1113	1141	1087	1159	
826	816	826	775	1115	1104	1156	1084	
830	768	758	830	1144	1105	1089	1151	
817	761	768	757	1148	1109	1138	1105	
835	797	811	825	1122	1122	1120	1145	
770	824	761	814	1145	1138	1161	1096	
801	834	766	782	1085	1105	1109	1159	
778	779	777	830	1150	1118	1158	1102	
778	818	810	815	1146	1157	1102	1122	
772	835	806	776	1105	1137	1085	1095	
761	815	771	836	1131	1158	1089	1087	
797	821	814	760	1134	1162	1106	1095	
813	759	796	763	1163	1100	1131	1100	
831	830	772	757	1118	1086	1111	1139	
807	793	820	808	1111	1089	1140	1120	
834	756	761	827	1119	1144	1113	1160	
835	762	781	811	1129	1152	1097	1148	
823	783	830	812	1139	1116	1114	1145	
809	781	811	763	1136	1162	1160	1103	
822	806	819	756	1143	1161	1088	1110	
817	803	774	792	1133	1157	1135	1146	
757	771	779	785	1156	1091	1111	1140	
798	768	778	833	1095	1133	1106	1126	
815	776	767	791	1104	1097	1146	1129	
770	819	795	836	1156	1097	1134	1097	
795	771	758	795	1135	1097	1162	1162	
783	757	808	810	1113	1101	1136	1091	
814	799	827	811	1161	1085	1137	1114	
815	793	828	762	1099	1156	1108	1107	
764	835	831	764	1160	1093	1113	1106	
787	815	790	819	1091	1151	1160	1091	
767	789	803	831	1138	1125	1130	1092	
803	768	808	832	1092	1132	1095	1124	
760	761	808	775	1121	1151	1152	1156	
758	762	824	797	1122	1162	1095	1085	
831	822	767	761	1091	1150	1131	1095	
816	759	819	779	1122	1088	1152	1108	
834	779	781	817	1115	1130	1160	1117	
792	833	760	831	1088	1100	1154	1140	
797	817	757	806	1124	1148	1092	1133	
834	756	756	798	1160	1120	1093	1125	
827	828	783	772	1135	1085	1103	1137	
828	814	793	758	1100	1095	1159	1085	
811	769	819	767	1098	1118	1129	1090	
835	758	771	810	1086	1116	1109	1150	
782	786	764	835	1096	1114	1144	1142	
782	787	772	823	1119	1138	1092	1115	
817	832	778	830	1098	1114	1154	1119	
779	803	763	833	1112	1151	1131	1110	
758	819	756	820	1087	1160	1156	1088	
756	798	779	822	1104	1093	1141	1153	
786	759	811	761	1126	1113	1122	1159	
763	792	766	811	1108	1152	1149	1084	
836	828	773	816	1118	1137	1111	1100	
777	798	785	825	1118	1159	1108	1092	
785	790	783	833	1106	1095	1147	1126	
816	790	811	796	1126	1084	1112	1111	
775	803	809	775	1149	1145	1103	1121	
806	771	826	791	1112	1155	1150	1139	
800	834	774	780	1109	1132	1095	1086	
770	770	764	825	1106	1108	1162	1128	
812	807	808	827	1150	1102	1122	1130	
797	786	801	809	1114	1151	1085	1152	
832	760	815	820	1110	1101	1088	1163	
796	821	808	792	1132	1107	1150	1102	
756	812	816	816	1106	1096	1158	1150	
784	829	763	756	1126	1138	1115	1107	
830	832	770	822	1159	1125	1093	1140	
799	767	767	834	1118	1120	1104	1145	
762	812	834	759	1162	1143	1126	1140	
834	793	777	830	1114	1092	1130	1145	
795	835	767	784	1147	1142	1085	1129	
799	782	802	819	1139	1100	1099	1098	
819	762	768	807	1086	1092	1148	1160	
788	834	783	756	1090	1093	1158	1145	
801	770	807	811	1120	1129	1086	1159	
815	791	813	763	1087	1159	1090	1145	
824	834	764	774	1088	1128	1088	1096	
793	820	756	806	1107	1152	1084	1100	
809	795	827	759	1115	1136	1161	1091	
830	822	774	828	1093	1118	1158	1146	
820	815	765	756	1136	1108	1158	1151	
789	775	763	825	1128	1089	1141	1125	
810	821	807	768	1130	1157	1095	1091	
798	801	828	757	1129	1089	1134	1101	
817	834	777	821	1139	1159	1141	1105	
772	815	824	771	1141	1135	1089	1088	
784	823	817	757	1134	1138	1101	1102	
788	809	791	832	1148	1134	1116	1088	
770	820	768	761	1104	1111	1093	1155	
787	815	830	763	1138	1112	1105	1084	
785	816	774	804	1104	1101	1133	1146	
790	815	769	762	1148	1089	1138	1113	
831	770	772	761	1095	1149	1148	1108	
807	813	771	817	1085	1160	1143	1162	
817	769	824	810	1094	1127	1116	1163	
822	800	831	765	1094	1145	1146	1101	
761	781	827	803	1105	1137	1088	1088	
795	819	827	811	1093	1098	1101	1162	
778	803	827	803	1163	1152	1093	1131	
769	825	762	772	1160	1103	1087	1140	
761	815	831	764	1126	1161	1115	1088	
756	817	797	821	1084	1109	1112	1139	
762	815	832	821	1114	1094	1146	1163	
800	764	758	801	1161	1162	1124	1088	
829	757	823	785	1124	1126	1101	1160	
769	788	830	793	1109	1113	1157	1161	
797	778	804	770	1103	1145	1109	1095	
834	775	762	778	1136	1134	1110	1090	
809	822	834	767	1146	1131	1090	1113	
760	832	768	795	1085	1142	1120	1142	
801	782	831	822	1142	1145	1099	1126	
820	786	792	786	1094	1111	1150	1133	
758	764	819	834	1110	1160	1097	1139	
833	759	773	761	1158	1086	1092	1110	
831	797	806	763	1091	1108	1107	1150	
812	776	779	831	1114	1106	1154	1125	
821	758	819	817	1128	1160	1095	1119	
782	788	770	789	1142	1092	1153	1112	
762	818	819	763	1125	1105	1118	1093	
788	835	767	832	1087	1158	1106	1133	
828	803	776	829	1160	1110	1149	1157	
835	806	793	757	1155	1126	1144	1098	
798	759	788	800	1132	1133	1148	1096	
774	772	817	835	1112	1136	1085	1116	
764	765	809	833	1160	1092	1161	1091	
829	760	825	785	1150	1097	1140	1158	
775	804	760	834	1159	1137	1124	1099	
781	758	815	790	1118	1140	1118	1116	
802	774	808	769	1122	1089	1160	1163	
761	759	789	817	1134	1136	1145	1090	
828	783	757	824	1157	1085	1112	1129	
772	824	807	770	1097	1106	1099	1162	
833	778	822	803	1087	1115	1148	1138	
835	804	824	763	1094	1163	1134	1156	
791	779	814	756	1089	1125	1151	1114	
832	788	836	814	1129	1156	1106	1143	
829	768	802	830	1154	1117	1103	1112	
776	803	778	830	1120	1131	1158	1085	
789	761	826	819	1135	1119	1154	1105	
808	805	827	766	1115	1128	1093	1085	
822	759	811	801	1098	1097	1136	1147	
832	826	836	769	1122	1148	1084	1106	
770	816	826	836	1141	1115	1142	1103	
770	835	800	798	1093	1163	1158	1085	
830	757	836	786	1125	1111	1156	1103	
801	779	766	832	1113	1160	1117	1144	
792	811	832	768	1117	1110	1162	1119	
776	767	760	834	1137	1144	1088	1102	
805	793	774	806	1155	1115	1154	1089	
835	800	810	832	1143	1112	1162	1102	
803	781	829	808	1121	1159	1141	1084	
835	784	776	793	1127	1140	1103	1096	
791	782	819	834	1135	1104	1130	1130	
756	817	836	765	1104	1121	1122	1149	
783	766	836	800	1130	1108	1115	1097	
824	790	776	817	1134	1123	1133	1087	
785	764	816	765	1163	1122	1093	1112	
830	819	769	826	1089	1120	1137	1097	
784	806	829	786	1104	1139	1109	1093	
820	763	817	818	1155	1128	1119	1094	
805	797	832	833	1146	1128	1131	1110	
758	814	834	775	1088	1096	1132	1128	
832	822	777	778	1130	1145	1134	1133	
771	772	771	829	1087	1084	1149	1153	
833	798	763	757	1109	1129	1127	1113	
758	759	832	807	1112	1159	1116	1119	
776	768	817	835	1099	1143	1139	1088	
809	789	831	770	1144	1121	1159	1137	
823	771	775	821	1141	1101	1132	1137	
779	780	834	792	1149	1086	1146	1090	
764	757	809	793	1085	1084	1099	1151	
769	785	828	790	1091	1130	1111	1094	
820	821	780	763	1095	1134	1105	1163	
824	790	822	800	1084	1148	1096	1119	
812	819	821	789	1111	1122	1149	1090	
825	761	770	765	1094	1122	1131	1144	
759	791	781	785	1145	1113	1135	1114	
792	759	800	826	1158	1103	1139	1133	
760	816	775	790	1100	1119	1138	1151	
782	767	817	758	1156	1104	1094	1158	
797	834	779	785	1127	1126	1112	1154	
813	814	812	809	1123	1099	1084	1140	
805	807	763	762	1087	1125	1128	1156	
775	811	778	824	1097	1128	1104	1158	
774	817	779	827	1109	1112	1090	1157	
799	823	824	768	1157	1132	1107	1163	
818	804	826	765	1126	1088	1155	1135	
802	820	799	776	1128	1154	1102	1117	
778	785	814	832	1118	1110	1154	1101	
764	831	778	817	1124	1091	1119	1110	
756	804	774	785	1108	1160	1148	1160	
824	770	778	829	1143	1138	1114	1087	
794	802	798	779	1088	1119	1151	1162	
828	830	770	778	1103	1150	1090	1131	
824	823	781	824	1139	1120	1156	1101	
770	813	827	781	1102	1111	1127	1125	
829	776	785	799	1147	1084	1140	1159	
836	766	829	801	1123	1139	1139	1156	
811	814	796	811	1142	1147	1163	1152	
817	762	819	777	1146	1129	1086	1145	
801	773	824	812	1123	1147	1129	1160	
784	768	834	779	1100	1137	1093	1135	
816	797	790	774	1125	1089	1108	1154	
800	812	825	835	1095	1115	1150	1100	
771	824	792	759	1116	1119	1103	1149	
813	787	818	772	1139	1103	1088	1150	
777	775	805	834	1106	1110	1155	1160	
786	774	836	792	1160	1101	1153	1107	
810	833	768	771	1121	1136	1100	1152	
813	825	760	828	1149	1086	1093	1102	
798	805	812	771	1088	1111	1148	1099	
758	803	788	833	1139	1150	1137	1148	
791	777	808	807	1141	1091	1157	1153	
832	791	821	815	1140	1131	1110	1134	
768	793	808	825	1087	1116	1159	1135	
791	805	775	811	1132	1140	1094	1115	
815	788	764	802	1150	1141	1095	1115	
794	803	789	777	1144	1137	1091	1159	
771	805	777	831	1109	1162	1143	1142	
814	805	771	835	1108	1162	1091	1103	
823	776	769	824	1159	1110	1099	1135	
819	792	764	827	1140	1147	1097	1156	
781	813	824	798	1098	1149	1131	1156	
787	787	761	766	1103	1091	1154	1128	
785	828	835	796	1124	1134	1101	1112	
783	794	774	821	1162	1100	1134	1151	
770	797	832	770	1094	1143	1144	1148	
808	778	776	771	1137	1115	1106	1119	
836	795	773	770	1117	1099	1121	1098	
787	773	818	831	1146	1094	1132	1116	
780	771	833	765	1154	1145	1146	1158	
771	824	808	768	1125	1098	1093	1127	
810	814	808	775	1160	1150	1157	1102	
829	801	798	756	1156	1160	1087	1091	
831	768	760	792	1107	1094	1149	1116	
815	767	778	821	1105	1146	1142	1156	
784	763	758	827	1100	1090	1157	1132	
792	801	773	827	1086	1130	1140	1140	
819	799	786	766	1137	1128	1134	1159	
803	829	773	759	1122	1159	1140	1084	
767	828	810	758	1126	1141	1115	1155	
806	782	776	830	1158	1123	1110	1104	
782	756	825	808	1154	1118	1147	1160	
759	835	765	760	1086	1128	1123	1144	
784	758	804	803	1159	1126	1159	1110	
829	780	759	794	1157	1155	1133	1101	
808	760	772	829	1129	1105	1129	1102	
794	757	787	819	1120	1086	1140	1128	
805	770	779	796	1124	1149	1098	1131	
796	806	819	812	1127	1131	1112	1086	
767	781	764	829	1136	1113	1111	1142	
793	790	826	768	1116	1103	1116	1109	
832	796	785	807	1163	1160	1120	1106	
761	812	797	796	1104	1158	1101	1160	
835	824	770	787	1113	1160	1124	1161	
810	768	762	792	1114	1152	1112	1101	
820	788	764	795	1103	1103	1133	1125	
767	821	758	836	1095	1095	1140	1158	
814	773	812	825	1092	1115	1156	1163	
816	764	833	758	1148	1089	1132	1151	
794	788	815	782	1152	1092	1114	1106	
802	789	824	770	1157	1111	1107	1152	
766	757	798	829	1112	1135	1162	1100	
822	769	799	833	1120	1122	1137	1112	
770	828	759	831	1144	1094	1153	1088	
806	786	813	758	1118	1133	1091	1087	
774	828	829	822	1103	1151	1100	1142	
831	807	763	802	1141	1108	1154	1091	
770	798	816	761	1102	1141	1151	1142	
784	779	803	809	1138	1090	1117	1149	
807	817	770	825	1136	1088	1155	1110	
780	765	807	769	1087	1140	1095	1156	
762	803	764	829	1144	1148	1084	1139	
803	828	769	832	1109	1109	1090	1137	
758	827	760	773	1084	1136	1085	1161	
833	779	780	828	1154	1154	1143	1161	
771	769	813	810	1126	1151	1085	1155	
765	803	765	817	1094	1089	1123	1160	
781	799	822	767	1157	1156	1131	1110	
756	821	809	812	1142	1163	1110	1106	
770	802	826	795	1090	1096	1097	1156	
807	811	762	786	1148	1099	1103	1094	
804	794	787	836	1094	1095	1159	1097	
759	835	818	831	1147	1150	1141	1098	
804	778	782	766	1088	1095	1086	1162	
767	759	779	811	1113	1136	1101	1095	
789	771	829	785	1145	1139	1148	1087	
824	769	816	767	1102	1096	1097	1147	
821	765	820	825	1113	1139	1160	1159	
793	780	811	782	1129	1158	1098	1092	
767	834	763	767	1101	1146	1088	1127	
789	808	760	821	1112	1121	1085	1157	
756	815	794	797	1150	1155	1111	1142	
771	812	779	826	1105	1135	1116	1142	
778	836	801	775	1084	1160	1096	1096	
758	828	784	757	1095	1091	1161	1095	
782	766	762	832	1113	1131	1136	1109	
785	818	829	767	1163	1085	1103	1108	
765	789	756	773	1086	1129	1104	1129	
806	812	833	828	1120	1117	1157	1105	
836	775	832	770	1158	1114	1143	1152	
812	828	757	791	1142	1154	1157	1124	
780	788	835	778	1118	1125	1162	1155	
765	797	834	834	1146	1094	1142	1161	
817	800	809	835	1150	1119	1094	1123	
833	762	785	804	1090	1159	1108	1153	
823	785	775	786	1152	1130	1112	1160	
806	832	757	823	1092	1094	1144	1156	
772	780	813	765	1096	1123	1146	1149	
788	807	757	835	1147	1137	1102	1162	
833	773	756	823	1108	1161	1122	1094	
823	802	798	778	1120	1099	1157	1089	
762	832	756	815	1089	1121	1144	1087	
822	771	828	758	1154	1137	1098	1124	
813	775	771	759	1115	1125	1136	1126	
779	831	813	795	1136	1154	1131	1100	
764	822	812	810	1091	1141	1122	1151	
836	825	823	790	1150	1116	1149	1096	
778	799	767	757	1127	1135	1138	1085	
763	760	813	813	1112	1137	1155	1109	
787	794	770	826	1091	1154	1099	1137	
835	758	790	771	1126	1113	1089	1122	
795	818	806	758	1102	1100	1094	1127	
821	796	785	806	1099	1104	1091	1138	
782	816	761	830	1118	1085	1134	1095	
824	766	771	768	1135	1085	1123	1156	
822	831	807	810	1146	1108	1140	1153	
764	821	758	833	1131	1108	1124	1084	
756	831	769	795	1122	1148	1142	1089	
796	758	784	761	1095	1089	1123	1162	
820	757	786	763	1130	1086	1085	1162	
798	769	799	816	1104	1147	1101	1090	
811	784	795	831	1144	1151	1103	1128	
769	789	822	769	1087	1129	1162	1126	
792	836	833	778	1157	1119	1090	1141	
780	823	829	794	1137	1086	1095	1153	
798	783	798	833	1153	1131	1146	1114	
824	836	818	766	1137	1103	1093	1087	
768	770	783	835	1135	1154	1157	1125	
780	831	823	778	1157	1107	1102	1089	
834	784	789	780	1122	1085	1145	1085	
805	772	817	824	1121	1152	1104	1090	
767	800	806	760	1110	1149	1157	1094	
764	814	794	779	1087	1159	1106	1163	
788	812	822	826	1085	1123	1156	1144	
788	801	829	760	1156	1119	1116	1096	
800	812	791	796	1100	1148	1136	1124	
803	823	762	761	1149	1108	1153	1161	
812	835	774	803	1136	1091	1112	1162	
774	825	829	786	1145	1139	1128	1085	
817	821	779	782	1108	1131	1093	1129	
785	788	796	833	1125	1143	1142	1089	
783	817	770	756	1143	1099	1084	1113	
794	805	775	823	1101	1111	1104	1152	
802	775	797	792	1114	1133	1106	1104	
825	768	765	768	1132	1147	1087	1114	
785	829	803	769	1119	1140	1129	1163	
785	815	784	767	1104	1095	1153	1147	
836	780	832	773	1109	1129	1157	1095	
798	820	800	756	1136	1151	1089	1149	
793	774	831	787	1091	1106	1132	1149	
823	805	829	822	1122	1127	1091	1102	
786	818	768	830	1158	1133	1110	1093	
825	772	818	833	1094	1122	1141	1087	
830	765	760	823	1116	1117	1142	1131	
779	808	768	830	1091	1101	1096	1153	
778	759	787	818	1138	1159	1117	1143	
775	835	781	827	1092	1152	1157	1110	
827	772	830	774	1120	1119	1090	1116	
795	761	767	810	1112	1117	1145	1102	
816	809	833	783	1120	1139	1094	1106	
790	776	830	794	1102	1090	1137	1144	
823	835	801	756	1117	1103	1157	1153	
829	790	796	757	1098	1158	1090	1131	
822	801	762	810	1120	1092	1143	1091	
781	829	784	805	1136	1091	1139	1086	
759	799	834	789	1110	1161	1149	1092	
779	802	799	835	1088	1095	1139	1150	
769	819	767	816	1127	1101	1132	1099	
762	835	768	794	1085	1160	1106	1115	
815	817	804	780	1135	1091	1127	1084	
790	762	756	826	1091	1089	1154	1158	
808	816	763	803	1149	1095	1111	1118	
797	820	776	757	1084	1157	1102	1163	
775	756	767	832	1152	1089	1132	1099	
789	810	773	788	1159	1119	1107	1161	
829	776	824	804	1129	1088	1119	1147	
756	803	818	760	1124	1109	1086	1105	
792	836	787	819	1106	1089	1154	1159	
792	765	815	762	1127	1095	1159	1159	
779	785	799	835	1109	1159	1098	1084	
769	768	757	822	1105	1151	1137	1084	
806	818	761	812	1128	1126	1116	1159	
779	790	811	788	1091	1161	1129	1120	
825	831	771	810	1102	1154	1160	1111	
825	834	772	774	1137	1087	1151	1111	
829	758	819	775	1155	1139	1122	1084	
761	805	790	774	1123	1158	1124	1106	
809	823	759	768	1119	1136	1091	1134	
795	822	762	802	1088	1158	1123	1125	
772	810	834	800	1141	1113	1130	1141	
798	834	783	818	1154	1121	1150	1132	
792	771	808	757	1088	1154	1135	1127	
765	816	774	781	1163	1150	1110	1094	
826	769	833	819	1090	1088	1120	1161	
779	795	817	823	1142	1141	1092	1085	
836	770	772	767	1147	1162	1095	1105	
761	779	770	835	1114	1089	1139	1161	
796	826	779	777	1152	1106	1121	1153	
831	780	809	826	1091	1155	1141	1147	
778	804	805	762	1123	1128	1133	1106	
822	757	829	834	1149	1105	1117	1159	
758	756	834	818	1163	1149	1085	1140	
794	785	825	777	1103	1093	1092	1155	
768	763	817	809	1141	1121	1151	1105	
818	834	828	822	1159	1145	1162	1115	
769	827	823	785	1084	1154	1162	1089	
829	757	802	757	1160	1109	1102	1161	
810	827	776	769	1154	1127	1105	1105	
797	766	772	812	1139	1163	1155	1159	
830	769	783	764	1136	1157	1104	1151	
807	804	780	827	1131	1137	1099	1097	
825	775	768	764	1122	1154	1096	1140	
786	815	820	764	1140	1103	1142	1158	
823	804	762	771	1122	1140	1147	1092	
816	763	804	789	1109	1123	1149	1161	
806	775	835	827	1106	1087	1102	1150	
786	769	781	812	1158	1095	1087	1095	
801	787	805	770	1135	1093	1133	1108	
826	812	777	787	1157	1129	1084	1118	
831	764	770	771	1159	1135	1117	1105	
801	807	832	798	1136	1086	1156	1145	
791	806	787	827	1149	1106	1105	1131	
764	814	779	830	1161	1144	1094	1157	
825	832	758	766	1107	1155	1137	1091	
761	804	824	813	1111	1102	1133	1085	
822	784	820	757	1151	1145	1133	1096	
767	816	765	763	1136	1152	1136	1087	
756	768	836	761	1148	1086	1102	1133	
767	757	814	808	1148	1127	1097	1148	
821	769	783	816	1124	1163	1131	1159	
764	763	766	768	1097	1086	1147	1148	
782	831	794	780	1125	1156	1107	1094	
766	765	829	833	1135	1086	1128	1139	
794	774	761	761	1135	1138	1091	1122	
765	815	795	830	1105	1125	1127	1155	
765	822	769	823	1097	1126	1105	1147	
786	757	825	766	1162	1112	1126	1134	
775	831	761	765	1103	1120	1084	1160	
787	830	786	790	1120	1113	1093	1148	
830	788	826	833	1106	1135	1138	1147	
772	820	807	766	1108	1155	1091	1088	
815	816	758	820	1091	1156	1099	1135	
759	787	807	822	1108	1161	1107	1131	
794	799	759	833	1129	1101	1087	1142	
827	813	808	760	1149	1102	1102	1116	
786	835	771	821	1152	1091	1106	1112	
780	761	820	825	1146	1117	1108	1087	
794	758	821	794	1131	1115	1119	1146	
770	831	812	819	1128	1138	1134	1154	
836	800	765	756	1117	1090	1145	1153	
802	771	824	833	1100	1159	1127	1153	
809	764	768	760	1085	1135	1150	1120	
783	827	774	812	1138	1111	1106	1106	
780	787	835	773	1162	1125	1135	1093	
757	787	788	796	1152	1136	1089	1105	
779	763	834	774	1162	1113	1142	1131	
761	835	831	797	1119	1157	1127	1162	
813	761	797	770	1109	1095	1134	1151	
758	828	778	829	1155	1141	1085	1089	
830	788	829	764	1099	1139	1086	1116	
774	784	819	785	1106	1103	1099	1143	
782	823	774	756	1155	1094	1109	1149	
806	822	817	825	1153	1105	1156	1099	
766	801	768	796	1140	1116	1147	1102	
763	790	825	786	1102	1142	1158	1149	
792	787	799	810	1153	1103	1138	1085	
824	783	829	781	1131	1127	1161	1084	
811	830	770	759	1090	1086	1160	1108	
780	798	808	818	1158	1145	1134	1151	
816	765	813	824	1159	1123	1136	1090	
813	822	830	775	1127	1153	1128	1095	
788	798	771	764	1103	1093	1142	1086	
757	832	784	816	1087	1151	1126	1132	
792	815	785	820	1127	1144	1126	1107	
796	768	782	782	1134	1143	1092	1161	
782	827	758	824	1117	1085	1133	1157	
828	798	787	828	1146	1138	1129	1162	
807	789	808	820	1116	1091	1126	1155	
769	769	829	787	1123	1092	1163	1107	
799	759	762	834	1099	1085	1142	1151	
797	779	820	772	1135	1155	1118	1098	
812	783	774	835	1134	1128	1133	1089	
826	804	769	816	1090	1096	1103	1098	
771	832	833	828	1136	1108	1149	1110	
817	792	824	785	1157	1135	1134	1158	
771	809	762	836	1089	1142	1116	1086	
803	768	785	793	1135	1144	1157	1090	
781	800	806	760	1124	1098	1129	1162	
797	794	801	797	1098	1098	1091	1144	
792	764	795	835	1149	1088	1087	1106	
773	820	791	830	1115	1128	1122	1142	
798	818	769	774	1136	1149	1087	1117	
827	756	785	836	1100	1105	1162	1086	
829	769	810	794	1085	1115	1138	1142	
791	761	807	815	1157	1100	1162	1088	
757	834	802	787	1127	1106	1123	1129	
804	762	772	820	1118	1147	1095	1153	
809	833	798	762	1122	1160	1158	1127	
768	834	802	802	1087	1095	1152	1147	
771	833	778	781	1158	1122	1094	1160	
824	767	765	835	1161	1124	1116	1130	
812	813	763	756	1126	1098	1124	1121	
760	800	811	801	1144	1108	1103	1162	
788	833	819	771	1148	1126	1091	1086	
792	781	776	756	1108	1113	1108	1155	
819	765	789	800	1111	1131	1095	1098	
822	820	764	779	1118	1092	1113	1138	
758	761	815	816	1100	1160	1093	1092	
811	772	778	798	1151	1098	1099	1126	
811	763	827	779	1102	1133	1152	1126	
806	795	764	807	1105	1159	1141	1139	
804	834	777	757	1109	1117	1108	1158	
768	827	812	827	1086	1109	1161	1138	
819	835	763	769	1118	1130	1133	1089	
811	836	768	802	1130	1109	1154	1099	
766	766	820	785	1119	1137	1103	1160	
780	765	823	771	1159	1100	1105	1156	
822	830	763	756	1137	1102	1106	1126	
766	810	830	787	1138	1109	1160	1086	
767	826	822	828	1128	1142	1163	1101	
832	814	826	762	1110	1142	1140	1115	
783	824	810	808	1108	1096	1153	1094	
833	792	783	789	1094	1120	1150	1111	
824	809	776	830	1085	1101	1139	1162	
790	780	764	817	1150	1115	1085	1135	
796	782	756	796	1137	1087	1161	1092	
830	773	772	769	1142	1117	1117	1120	
819	802	776	776	1084	1156	1102	1135	
790	821	792	814	1095	1127	1159	1137	
807	807	819	797	1094	1158	1119	1157	
814	783	785	834	1163	1093	1160	1084	
794	783	760	761	1094	1110	1117	1153	
808	800	787	772	1134	1103	1157	1091	
834	796	781	760	1101	1148	1088	1152	
805	812	807	800	1151	1105	1150	1101	
786	761	811	763	1120	1092	1158	1141	
808	771	812	820	1160	1104	1161	1105	
816	808	768	828	1139	1093	1139	1117	
764	785	810	756	1109	1135	1104	1102	
836	774	809	797	1097	1129	1156	1130	
779	836	789	776	1117	1100	1132	1097	
779	820	833	796	1142	1130	1137	1087	
789	803	779	762	1157	1103	1136	1139	
821	801	776	829	1086	1157	1117	1088	
822	814	770	764	1102	1108	1101	1157	
767	783	783	836	1094	1160	1105	1150	
780	760	795	818	1109	1123	1158	1089	
813	791	761	785	1118	1101	1156	1113	
759	774	805	774	1087	1139	1126	1114	
823	774	807	770	1084	1110	1161	1160	
822	814	827	756	1094	1130	1163	1160	
790	825	825	811	1126	1084	1088	1155	
756	828	823	773	1151	1095	1127	1111	
826	818	789	777	1114	1155	1147	1145	
784	824	820	771	1152	1118	1144	1120	
762	776	781	834	1159	1160	1117	1141	
780	835	768	818	1105	1136	1110	1137	
768	761	833	767	1089	1142	1087	1151	
759	805	775	826	1091	1155	1142	1146	
805	825	813	758	1104	1103	1160	1095	
822	768	768	821	1144	1106	1143	1162	
832	771	775	770	1134	1108	1089	1161	
757	795	807	799	1147	1136	1087	1110	
772	824	798	803	1103	1105	1143	1126	
815	759	835	824	1128	1162	1086	1143	
815	819	756	762	1114	1125	1085	1146	
782	833	773	836	1120	1084	1140	1088	
836	813	783	772	1149	1094	1114	1136	
819	802	787	833	1118	1120	1145	1125	
818	821	758	775	1145	1116	1150	1125	
813	761	821	764	1131	1085	1108	1158	
777	828	835	783	1151	1086	1130	1092	
782	832	799	779	1111	1163	1137	1144	
821	807	764	821	1095	1146	1087	1094	
814	783	761	776	1132	1156	1108	1154	
797	768	810	814	1113	1127	1150	1107	
833	816	766	771	1097	1116	1141	1142	
757	787	806	829	1102	1111	1139	1140	
835	796	795	810	1162	1148	1114	1123	
781	811	773	801	1159	1086	1128	1096	
811	774	770	835	1109	1098	1088	1129	
774	809	833	832	1095	1119	1089	1153	
768	788	785	790	1141	1094	1095	1116	
835	778	830	786	1104	1090	1145	1160	
831	792	808	763	1140	1100	1143	1104	
800	814	757	834	1114	1110	1103	1094	
760	817	830	827	1085	1086	1127	1162	
772	821	764	826	1116	1161	1107	1149	
773	827	817	759	1145	1116	1092	1121	
825	766	787	798	1144	1117	1086	1086	
820	759	821	820	1101	1108	1111	1099	
761	761	819	789	1139	1128	1106	1084	
791	776	774	769	1157	1147	1131	1085	
794	775	833	759	1087	1135	1113	1093	
822	780	757	757	1119	1122	1161	1096	
822	819	771	771	1161	1147	1137	1109	
766	780	835	816	1116	1158	1143	1088	
821	766	823	765	1095	1084	1149	1143	
836	789	829	813	1110	1121	1089	1134	
791	822	806	766	1152	1128	1117	1133	
817	801	781	772	1119	1159	1118	1128	
770	779	826	799	1148	1102	1150	1136	
814	771	820	757	1094	1118	1122	1163	
783	776	834	808	1088	1162	1125	1096	
799	765	804	812	1113	1144	1154	1084	
781	795	767	824	1161	1111	1144	1096	
781	776	830	778	1129	1157	1133	1104	
770	769	770	812	1150	1107	1129	1159	
778	788	773	763	1096	1146	1154	1145	
822	816	795	789	1156	1152	1110	1093	
758	757	813	800	1128	1086	1128	1159	
835	814	807	836	1098	1105	1141	1137	
830	825	778	811	1141	1089	1156	1132	
816	766	762	765	1116	1089	1128	1087	
792	804	798	812	1126	1123	1161	1095	
820	804	796	781	1143	1086	1115	1161	
786	808	831	833	1100	1157	1154	1094	
804	785	779	767	1105	1100	1159	1149	
