L1	L2	L3	L4	R1	R2	R3	R4	
540	638	440	502	451	562	496	508	
566	669	516	478	565	470	417	508	
428	659	549	620	565	426	616	649	
536	464	412	571	662	488	527	412	
584	527	459	651	477	616	667	568	
625	414	510	576	554	496	431	467	
573	477	583	441	512	576	427	655	
493	579	643	440	516	429	478	647	
559	522	638	660	489	523	597	422	
443	616	550	444	451	671	594	517	
581	530	413	659	557	600	500	425	
430	481	559	576	610	409	474	519	
535	653	476	433	436	550	580	640	
464	408	542	645	441	584	538	629	
484	659	634	430	644	603	411	541	
595	541	485	414	665	411	643	550	
603	547	538	451	450	604	651	539	
617	415	664	506	622	451	546	482	
605	430	488	651	426	422	640	501	
670	541	589	466	419	551	660	501	
661	504	408	498	537	444	636	591	
573	661	612	496	548	419	605	657	
470	531	610	415	654	510	572	413	
522	445	598	409	650	432	486	589	
662	476	561	426	609	528	431	437	
567	501	535	654	620	411	450	482	
536	633	650	446	442	548	515	445	
451	594	534	654	507	408	588	649	
436	599	514	444	440	643	560	493	
540	636	582	453	638	532	482	523	
588	633	479	429	625	449	569	514	
576	474	671	424	579	493	441	441	
590	440	646	537	626	444	517	514	
581	455	506	552	599	446	670	571	
462	623	509	607	508	427	610	639	
570	452	407	629	455	528	530	630	
415	483	601	558	637	561	434	498	
508	459	660	576	506	608	408	514	
441	633	503	589	448	516	559	502	
538	614	489	672	602	460	526	508	
541	480	578	672	411	505	648	593	
471	524	645	548	559	613	424	651	
668	439	544	596	410	651	500	546	
523	411	654	577	408	443	595	620	
503	671	420	528	658	477	589	425	
660	426	544	502	539	413	481	579	
533	665	440	624	613	444	522	660	
446	635	523	558	653	607	437	522	
612	547	476	493	432	411	629	482	
415	539	629	481	492	628	563	457	
634	520	476	419	516	640	552	661	
523	629	568	442	516	449	637	557	
519	417	453	625	411	547	467	638	
434	605	540	476	567	449	582	671	
625	556	502	466	653	485	550	616	
554	629	663	484	423	484	470	667	
455	646	561	654	592	493	409	449	
650	542	433	584	471	665	580	545	
418	592	500	556	454	553	614	510	
484	546	489	637	494	438	613	662	
562	418	470	658	432	596	484	580	
650	497	436	455	593	419	659	476	
480	598	426	570	522	595	471	637	
466	545	561	650	488	416	541	664	
543	483	438	653	440	639	510	574	
525	565	473	422	477	568	669	414	
513	454	549	633	571	425	540	663	
541	642	443	603	555	667	494	416	
557	429	558	648	453	637	516	595	
436	613	585	530	533	637	488	436	
625	516	430	557	627	592	489	413	
645	538	452	482	443	617	552	491	
656	428	534	490	619	559	418	666	
672	441	574	494	535	627	481	609	
577	560	613	408	544	476	627	557	
667	599	526	467	649	505	450	585	
436	549	642	592	501	584	631	540	
558	505	428	521	590	667	492	416	
670	505	558	530	580	528	522	465	
612	478	500	550	593	464	421	650	
426	613	512	527	432	628	499	412	
573	436	490	619	500	407	590	665	
591	478	499	435	573	440	413	502	
633	616	515	445	599	651	497	438	
584	430	661	511	517	558	589	433	
578	481	538	407	467	549	613	547	
582	654	425	485	453	507	632	482	
501	609	567	421	667	540	488	604	
450	514	602	649	523	412	582	464	
588	474	409	633	664	433	452	568	
485	561	638	424	581	626	493	429	
420	665	545	626	465	640	441	530	
546	474	603	424	492	588	545	526	
667	483	660	575	505	407	438	562	
601	469	560	638	440	619	416	533	
552	523	463	423	412	582	509	638	
571	412	661	492	485	422	624	662	
662	408	629	559	671	636	582	540	
421	649	582	532	632	463	497	563	
514	582	495	440	436	498	632	583	
575	493	649	515	474	630	647	434	
670	433	585	541	456	656	535	471	
651	560	416	607	426	569	620	487	
563	424	501	650	462	563	516	659	
659	586	531	570	459	527	650	659	
626	610	558	511	661	590	477	671	
610	410	468	548	515	454	656	511	
439	658	507	597	660	608	452	530	
614	633	524	498	464	448	530	581	
669	425	587	490	457	613	486	621	
514	601	546	420	650	473	475	420	
571	422	663	515	589	425	501	627	
628	417	575	489	627	570	492	446	
574	607	496	462	598	464	587	526	
550	476	612	672	558	469	411	520	
412	550	609	503	481	615	416	495	
586	482	456	650	486	508	582	598	
530	647	609	470	502	653	599	576	
500	599	426	419	509	435	589	636	
431	619	572	545	666	591	636	458	
616	535	469	659	450	654	498	415	
612	470	545	415	436	536	608	545	
661	609	498	437	629	533	410	473	
587	463	667	588	641	467	518	589	
530	587	424	501	470	503	569	669	
666	561	501	423	547	474	649	413	
467	560	615	628	519	670	550	496	
664	463	523	630	439	613	505	646	
626	623	493	528	467	534	556	595	
552	460	441	627	608	423	509	657	
443	527	507	668	532	668	501	431	
515	627	569	460	439	491	647	583	
529	658	453	621	588	529	410	407	
518	579	449	634	486	670	647	551	
416	580	545	498	625	514	637	528	
620	564	652	503	571	461	656	662	
612	513	410	606	459	534	606	663	
585	642	413	445	560	592	436	619	
498	653	561	444	456	619	463	412	
522	632	417	458	636	408	577	410	
560	655	519	669	627	498	450	551	
451	600	417	476	550	468	601	620	
409	514	581	658	600	666	469	538	
628	602	514	429	557	662	598	420	
670	481	555	430	516	530	458	583	
571	421	656	486	628	435	665	532	
574	449	656	653	420	494	565	636	
649	453	521	608	433	623	499	618	
435	494	604	653	557	626	476	454	
572	420	628	522	647	442	535	599	
545	595	478	421	417	578	572	659	
408	597	489	667	521	580	453	668	
585	520	448	638	500	412	605	450	
419	494	520	655	552	505	620	453	
642	509	442	584	561	625	512	635	
504	445	564	669	464	612	665	516	
479	615	525	430	532	457	662	604	
549	462	605	657	466	563	515	642	
556	659	419	482	601	560	409	530	
630	570	668	479	615	432	580	668	
429	574	438	622	608	643	444	581	
439	476	670	587	559	603	435	634	
461	567	493	666	613	543	470	418	
643	499	473	638	580	476	637	424	
647	589	448	504	623	542	415	474	
452	417	648	538	546	439	641	519	
623	554	483	672	592	664	491	417	
449	574	509	649	637	470	455	522	
657	538	431	531	485	425	592	550	
420	590	647	498	646	517	445	591	
625	423	480	648	414	526	602	465	
514	593	667	488	552	497	413	655	
500	603	654	440	477	426	546	482	
414	551	658	474	443	517	651	595	
409	487	535	591	428	569	480	543	
586	464	525	646	501	439	577	656	
613	512	432	670	516	474	584	572	
660	422	496	576	435	476	542	632	
609	518	489	449	460	572	663	513	
541	663	609	455	606	620	481	545	
502	601	654	413	628	559	614	456	
530	648	474	618	414	415	633	578	
450	416	640	535	423	586	528	628	
412	620	592	517	430	563	548	620	
489	629	607	450	437	613	512	521	
508	594	421	662	476	662	623	530	
592	421	510	535	515	519	566	428	
578	659	518	410	445	519	631	573	
606	499	420	532	657	428	517	578	
609	572	445	496	610	554	430	487	
620	534	496	653	443	659	551	602	
571	473	529	616	638	413	557	663	
485	636	577	428	632	561	440	484	
581	588	444	407	429	612	670	655	
651	553	450	585	595	655	508	556	
574	411	647	512	505	431	667	572	
590	437	523	656	634	579	666	445	
654	506	407	616	530	417	608	477	
483	619	529	411	534	448	639	587	
640	503	541	431	461	419	535	532	
628	431	447	539	567	621	573	517	
492	585	656	667	646	524	461	587	
446	652	552	662	628	561	463	511	
468	432	571	661	561	646	441	484	
619	452	435	504	632	616	458	412	
611	621	455	666	522	513	614	437	
421	483	600	656	429	495	551	622	
597	584	505	503	555	431	628	477	
627	671	496	580	442	625	669	462	
524	611	412	414	472	628	541	567	
600	530	417	424	435	615	497	491	
650	517	554	462	529	429	547	605	
556	622	484	415	528	460	545	664	
599	460	517	651	638	595	431	511	
427	609	535	445	648	477	566	610	
594	475	672	430	501	571	415	662	
666	487	418	631	451	559	611	653	
629	652	558	461	517	574	436	643	
500	597	407	537	610	430	498	557	
595	491	672	407	523	575	670	451	
627	462	587	525	417	487	535	572	
471	579	517	650	459	517	642	509	
533	453	562	597	435	573	631	486	
566	410	659	443	587	525	409	440	
423	566	628	529	608	527	646	409	
469	530	531	642	420	480	562	556	
415	527	538	629	478	616	601	519	
448	648	451	593	525	441	641	560	
645	448	585	420	466	653	586	528	
418	648	479	510	625	480	533	640	
559	421	611	543	658	429	572	579	
535	459	629	441	480	566	628	496	
469	659	498	431	586	660	477	531	
597	417	635	506	618	523	456	459	
606	465	554	656	551	611	469	417	
462	576	658	412	485	583	421	524	
577	646	418	503	632	520	469	568	
585	530	476	442	439	615	618	508	
624	500	571	624	507	648	600	517	
481	637	416	584	549	671	420	466	
638	572	505	443	642	531	550	605	
670	590	442	594	581	513	412	572	
584	453	536	634	482	642	605	419	
638	444	505	546	466	562	638	504	
446	646	488	567	486	639	523	608	
647	456	588	537	422	567	514	580	
580	653	435	487	564	608	419	663	
663	408	486	533	478	603	533	662	
555	466	625	409	454	567	661	461	
574	509	409	451	469	473	637	558	
555	464	646	632	603	438	566	520	
638	424	576	629	653	479	554	584	
665	544	434	605	494	566	440	526	
473	661	595	526	469	574	431	643	
614	443	465	410	624	571	537	650	
598	484	652	412	494	444	551	660	
484	594	664	407	658	420	440	524	
578	494	435	635	446	558	469	643	
423	666	533	484	473	606	418	605	
415	511	579	664	644	522	498	643	
459	565	645	518	601	420	464	522	
442	551	659	468	633	409	503	552	
573	506	565	668	648	574	476	520	
438	595	503	641	542	648	596	448	
523	659	511	448	668	504	415	556	
666	498	583	463	627	455	410	563	
566	625	508	458	535	469	409	625	
662	479	527	422	649	535	573	470	
652	562	441	643	515	591	669	611	
571	588	463	642	456	560	461	615	
422	473	572	523	670	512	595	410	
638	553	479	410	668	436	539	599	
557	507	423	660	594	552	407	510	
628	535	469	416	409	489	585	582	
418	590	630	492	576	451	509	658	
552	654	557	475	599	429	643	518	
412	451	631	648	601	528	410	418	
488	564	658	408	500	446	579	633	
517	545	644	447	568	430	510	669	
528	419	593	493	619	534	663	417	
465	618	668	552	435	456	510	538	
585	494	531	412	658	527	598	578	
455	631	574	511	593	444	496	670	
568	444	510	663	446	524	415	568	
417	552	480	671	438	486	630	601	
468	562	477	653	584	658	659	505	
528	470	636	569	456	538	666	661	
419	527	542	646	411	581	491	672	
551	488	649	659	447	639	415	569	
455	579	513	652	663	499	573	445	
413	612	658	491	456	539	542	629	
528	592	477	443	638	470	430	567	
452	615	555	432	582	626	668	486	
632	462	478	565	658	459	560	498	
611	577	490	559	443	583	518	640	
441	551	600	489	611	549	495	430	
525	502	641	446	468	622	511	567	
407	610	436	535	623	543	630	468	
508	578	413	414	469	450	630	546	
446	575	497	668	500	589	424	640	
553	646	585	485	505	594	637	646	
626	554	661	471	626	534	442	611	
478	534	437	589	584	670	456	496	
489	418	565	631	502	625	450	550	
420	645	528	614	617	446	649	531	
585	484	425	641	629	568	455	647	
440	523	661	598	547	603	412	651	
554	462	407	410	455	414	520	592	
571	489	636	521	556	638	480	414	
491	553	603	664	497	519	592	417	
564	652	622	504	577	459	543	651	
484	579	437	652	453	665	515	409	
463	618	529	408	475	653	573	519	
580	664	611	416	599	442	657	560	
416	629	570	505	546	495	415	648	
483	563	419	662	565	503	654	438	
432	410	564	499	495	538	427	648	
543	636	495	472	458	532	555	631	
594	486	413	647	650	503	607	578	
615	576	458	632	469	414	641	524	
671	482	475	663	519	437	663	661	
599	457	501	409	502	490	662	667	
424	576	661	598	516	460	409	653	
542	637	415	466	661	530	445	467	
447	515	615	667	585	472	531	671	
648	413	599	506	574	632	416	478	
524	457	595	671	451	586	536	649	
558	472	611	429	647	547	416	457	
614	464	559	560	441	583	671	652	
478	416	587	536	608	434	487	659	
623	560	456	536	625	487	608	412	
479	526	451	414	492	436	537	413	
565	613	444	520	567	619	505	655	
471	608	671	558	540	427	660	494	
476	541	657	429	553	638	419	480	
430	572	513	630	474	590	419	555	
492	671	409	645	591	486	627	661	
528	591	453	655	607	455	561	662	
650	601	464	661	612	420	504	513	
551	469	432	646	525	444	573	663	
524	671	562	426	523	672	583	623	
571	585	486	506	618	670	545	498	
470	412	578	626	556	612	426	458	
486	566	654	502	440	599	498	448	
600	642	431	483	497	645	552	419	
614	513	575	409	594	452	450	521	
465	573	424	513	437	545	628	600	
484	567	412	463	545	411	638	473	
494	546	650	412	655	550	438	655	
672	515	556	650	623	517	444	623	
420	531	466	652	557	618	477	409	
423	476	427	641	526	630	456	580	
584	470	632	516	661	487	446	591	
422	489	585	523	441	662	542	474	
539	664	601	450	573	417	476	660	
415	506	650	555	575	653	541	599	
482	504	576	672	501	432	569	618	
646	417	488	548	557	410	625	490	
600	478	540	417	439	491	564	507	
615	468	560	430	421	498	631	557	
456	662	622	523	562	463	619	515	
625	499	435	477	582	532	622	643	
422	632	539	550	447	530	634	415	
421	595	536	437	640	543	598	408	
587	527	640	658	418	617	651	502	
552	614	497	427	439	533	595	489	
458	501	565	617	490	633	584	632	
461	422	556	585	438	652	547	637	
451	623	520	575	583	661	469	526	
437	526	435	628	529	540	407	478	
516	440	562	663	484	666	556	483	
488	672	591	514	543	411	590	662	
454	531	649	590	670	525	465	639	
598	451	613	652	610	443	562	651	
456	516	657	563	651	462	579	526	
535	651	437	471	652	560	494	415	
445	665	595	414	643	519	573	476	
659	579	541	420	480	661	575	539	
543	423	508	669	590	642	470	530	
531	436	643	456	654	521	635	424	
512	637	568	451	643	553	496	430	
489	583	672	408	529	456	613	670	
621	463	587	498	660	570	510	436	
514	492	561	423	650	512	602	515	
672	446	519	440	522	438	616	625	
663	509	618	412	417	469	533	656	
595	580	442	518	568	623	497	415	
644	413	539	476	413	543	503	619	
433	654	504	614	518	430	648	473	
415	541	483	483	593	541	487	669	
507	589	447	556	630	456	569	411	
645	444	510	437	477	526	419	636	
424	513	555	642	520	583	435	639	
562	440	615	530	622	467	570	414	
554	667	422	608	588	535	444	434	
637	416	448	543	594	437	492	657	
638	634	531	585	490	410	586	648	
426	571	610	485	480	594	439	593	
630	612	412	671	618	558	449	501	
425	474	536	639	447	645	502	597	
488	407	584	552	497	587	580	413	
424	529	491	654	515	447	659	575	
635	668	408	527	618	597	408	465	
482	626	525	583	432	538	503	475	
467	646	553	493	514	592	442	653	
585	657	501	488	587	547	468	442	
659	485	634	540	407	635	580	669	
623	443	534	592	499	479	424	633	
584	658	464	622	548	423	430	665	
638	537	445	492	607	573	503	669	
619	498	456	631	606	521	429	470	
549	623	463	598	583	611	473	495	
558	493	654	544	450	563	665	511	
559	614	525	473	544	639	446	442	
487	513	423	562	595	429	672	536	
494	434	565	629	430	498	591	655	
572	450	626	538	630	577	483	428	
437	540	638	604	585	643	490	553	
669	444	525	655	546	647	419	413	
539	613	594	661	488	429	411	651	
530	425	583	609	436	573	672	614	
542	464	657	432	541	576	509	433	
497	632	410	658	559	627	426	505	
491	582	465	441	607	532	447	649	
484	424	576	502	415	504	658	611	
584	469	657	416	579	500	668	410	
666	470	571	608	629	476	660	441	
605	436	480	533	573	514	640	417	
568	505	604	538	537	639	418	498	
418	515	443	602	528	652	449	596	
617	433	453	511	484	557	631	415	
503	651	441	592	468	411	624	575	
566	411	500	465	486	448	603	650	
459	579	487	646	513	454	479	619	
599	548	641	490	520	555	672	415	
545	578	650	434	539	597	439	649	
522	569	419	660	586	665	457	476	
635	430	583	497	513	647	453	513	
668	415	601	491	652	515	590	562	
572	410	628	480	448	544	465	635	
413	597	563	482	452	622	613	531	
511	443	602	509	611	526	448	467	
667	495	410	552	436	646	489	580	
640	492	595	534	612	487	560	411	
589	540	410	466	434	547	624	601	
647	487	410	603	538	627	424	485	
418	624	552	476	451	606	532	652	
549	427	478	668	438	596	511	650	
497	579	656	453	612	563	450	538	
559	462	638	412	469	646	592	550	
503	659	423	597	568	415	492	508	
455	508	564	647	556	491	619	667	
450	672	609	628	420	544	465	598	
640	427	520	576	411	477	600	548	
459	558	658	578	586	579	662	495	
457	493	668	436	407	529	623	477	
407	463	617	545	631	485	540	545	
614	560	419	434	564	435	541	613	
645	439	517	582	573	545	517	655	
487	618	427	566	419	504	661	601	
650	499	434	628	463	623	542	563	
552	664	636	443	416	609	472	514	
621	479	624	498	651	501	558	429	
532	502	429	576	516	442	660	595	
512	429	413	596	501	671	583	437	
506	422	601	672	414	617	535	616	
484	630	470	421	438	575	603	666	
419	525	628	458	528	627	574	424	
432	648	588	614	479	409	658	550	
477	513	642	577	640	469	600	525	
488	606	507	419	439	661	579	619	
476	666	464	580	559	634	429	497	
633	496	507	552	667	466	621	507	
548	642	466	550	550	480	652	420	
606	477	545	659	661	479	536	428	
586	418	668	532	647	559	448	426	
566	407	597	640	562	490	467	572	
415	504	494	622	635	469	612	411	
569	541	627	411	556	441	660	494	
642	418	611	668	539	475	672	626	
661	516	475	592	489	546	663	615	
651	459	576	508	466	604	663	544	
571	483	408	439	440	582	652	509	
604	666	517	440	626	620	498	578	
590	457	537	517	531	658	451	604	
431	632	527	578	559	661	660	414	
410	589	667	466	592	532	456	438	
658	412	509	568	617	650	415	539	
463	412	618	429	619	501	455	603	
569	481	428	633	468	553	644	440	
667	499	593	560	529	641	521	668	
555	652	447	506	472	499	431	574	
575	580	531	664	541	419	634	459	
467	554	599	647	596	650	425	532	
477	589	430	533	424	638	586	672	
486	581	605	438	605	500	576	432	
586	434	525	641	449	623	559	504	
575	519	455	661	479	599	662	544	
521	667	612	577	590	468	666	410	
418	475	612	559	455	635	419	531	
576	641	563	475	555	607	543	644	
415	616	503	548	615	660	494	420	
596	520	427	663	443	555	646	408	
467	600	499	552	607	440	650	531	
479	641	556	408	522	635	570	415	
453	632	589	521	648	576	458	647	
407	654	493	566	645	489	407	589	
587	413	523	663	479	511	666	462	
431	568	549	670	609	407	526	663	
491	652	591	410	570	470	408	500	
651	589	526	489	480	597	433	672	
451	611	560	523	461	465	527	624	
456	526	634	602	594	444	534	664	
603	488	419	612	581	407	652	478	
575	454	643	620	621	603	490	658	
550	439	498	606	471	522	661	425	
435	648	532	669	588	425	669	525	
569	538	618	479	592	429	534	666	
424	510	652	557	639	590	669	454	
512	607	415	548	622	499	635	557	
672	520	613	413	477	442	605	581	
637	449	517	578	522	478	425	646	
487	575	636	419	461	534	445	668	
520	446	567	610	632	514	439	566	
669	504	435	595	492	587	642	548	
613	424	529	478	491	429	645	564	
593	528	616	531	436	539	646	613	
670	626	582	515	432	653	488	596	
571	665	512	475	429	661	577	480	
569	638	454	511	592	430	501	647	
442	549	615	504	497	635	570	442	
566	669	537	471	429	509	568	501	
604	560	653	466	467	413	528	579	
567	645	466	513	602	432	520	588	
626	577	408	524	597	419	515	661	
447	619	542	635	428	595	524	633	
559	610	643	476	529	470	596	666	
598	407	507	464	537	470	521	613	
590	434	502	645	461	599	426	523	
484	547	665	412	629	481	540	490	
442	505	422	656	528	427	649	624	
471	644	419	667	472	581	550	411	
594	407	522	587	668	513	425	494	
631	443	451	670	531	613	583	440	
552	412	635	494	413	625	547	458	
498	578	635	444	511	455	589	650	
448	560	633	522	633	475	419	554	
643	459	572	561	657	522	596	413	
423	582	619	665	486	566	630	461	
643	543	448	413	479	463	517	645	
410	544	466	609	520	662	586	511	
575	555	491	629	469	634	533	418	
449	600	540	555	659	543	467	493	
655	569	433	454	521	410	659	635	
672	439	610	532	616	534	423	672	
560	635	482	429	509	480	409	633	
598	533	413	530	588	436	497	646	
554	492	623	647	496	630	414	499	
620	636	411	513	527	419	479	564	
518	642	599	447	589	583	465	525	
460	642	538	494	459	512	563	407	
571	520	465	643	587	423	537	609	
492	618	541	669	456	558	645	587	
578	658	468	667	461	563	651	467	
464	543	639	566	589	437	660	538	
584	490	661	425	473	494	620	559	
521	456	666	556	554	649	434	565	
620	544	435	498	480	506	425	555	
573	475	613	656	670	598	504	621	
622	423	464	565	643	541	490	588	
595	471	428	633	623	428	539	491	
478	560	641	539	427	411	670	603	
595	410	503	550	421	649	526	475	
480	583	423	635	442	541	605	497	
459	604	515	434	513	450	661	542	
472	516	626	435	546	658	442	575	
418	504	636	506	637	467	555	483	
620	646	522	432	520	581	669	421	
518	411	649	585	643	456	592	508	
420	622	543	670	512	600	666	452	
641	482	591	437	626	668	533	469	
504	607	538	665	525	590	472	408	
660	579	513	426	416	588	667	534	
538	667	414	595	486	421	556	663	
519	632	417	558	498	664	451	561	
435	591	652	551	669	557	477	471	
548	449	609	492	445	640	535	597	
412	446	644	548	578	431	672	512	
619	563	494	492	601	586	410	528	
618	528	648	426	519	464	668	540	
475	574	661	668	490	428	662	438	
646	510	578	409	494	412	547	609	
549	443	479	607	431	619	537	487	
461	419	635	492	439	590	474	415	
429	644	541	432	621	454	522	546	
416	622	445	557	446	653	582	484	
552	505	630	425	438	534	645	549	
546	605	665	414	525	610	471	591	
502	550	662	412	628	448	576	464	
640	411	485	466	493	441	544	657	
496	542	667	454	598	429	559	508	
665	427	543	609	620	407	451	544	
526	564	441	649	587	523	420	470	
646	482	428	542	624	430	503	548	
515	450	532	593	443	502	578	603	
564	523	438	425	659	613	436	513	
408	650	501	600	429	432	647	502	
473	597	562	666	649	567	515	418	
575	484	532	645	593	408	654	478	
615	425	482	422	641	581	446	535	
557	579	490	407	555	657	421	477	
669	587	657	477	446	520	643	584	
420	521	559	625	652	472	536	599	
652	518	582	477	431	621	509	551	
648	440	526	543	441	563	631	506	
456	561	613	407	587	650	478	422	
433	576	506	626	517	670	636	483	
588	525	456	458	594	658	425	471	
647	554	616	448	529	477	640	462	
618	461	552	432	410	514	670	461	
666	412	492	579	621	566	414	670	
625	419	519	474	554	407	611	476	
468	522	579	419	615	534	417	609	
639	460	421	568	479	506	584	434	
521	608	414	593	622	454	573	668	
527	431	646	597	456	635	501	583	
668	523	610	551	527	665	451	587	
484	611	531	658	567	475	489	565	
519	576	445	666	520	593	499	420	
535	649	434	616	506	419	652	630	
446	656	583	442	493	408	550	632	
423	668	519	592	521	465	461	586	
592	499	443	648	410	456	555	481	
611	558	671	471	587	496	660	649	
596	473	522	597	587	455	627	528	
487	536	457	648	582	462	419	518	
616	489	671	409	413	665	537	489	
508	638	558	459	665	593	483	630	
482	420	567	509	498	670	619	420	
637	562	644	462	588	536	666	458	
578	461	624	436	559	523	618	647	
441	645	536	592	513	647	427	601	
407	531	574	604	567	650	445	539	
631	568	423	578	434	628	488	549	
445	447	625	543	542	570	488	649	
483	595	651	552	436	618	523	672	
445	543	671	499	650	418	497	493	
625	433	524	467	637	591	505	575	
408	666	425	576	553	621	491	409	
471	617	555	656	467	541	605	428	
466	538	649	424	431	635	537	486	
488	517	560	669	662	517	439	571	
468	561	644	607	485	668	539	607	
422	538	601	458	618	417	598	469	
456	652	522	412	596	530	407	509	
455	606	514	642	580	580	636	417	
542	570	480	463	592	472	658	548	
637	665	471	585	603	454	528	504	
531	615	456	573	456	652	598	538	
523	568	517	409	424	530	582	472	
595	469	415	466	471	640	418	635	
609	491	481	420	490	562	643	457	
490	542	658	418	661	479	564	574	
640	418	588	536	492	436	641	575	
433	550	643	429	519	467	425	653	
580	622	556	430	542	425	504	593	
483	575	443	516	448	644	567	551	
528	558	451	644	640	509	565	593	
493	633	563	448	651	446	589	530	
538	626	659	444	606	670	450	558	
641	543	436	562	546	623	488	646	
545	628	436	663	423	553	627	507	
536	442	641	507	571	435	540	494	
470	532	416	625	525	624	467	590	
497	457	605	662	605	430	667	540	
537	457	648	591	542	643	467	416	
606	483	532	671	646	575	505	407	
644	544	462	599	413	653	443	556	
445	535	661	530	584	531	410	645	
459	605	672	534	577	439	668	502	
509	554	407	666	642	546	505	665	
469	640	534	410	577	642	463	505	
530	448	497	648	527	478	428	633	
544	621	473	413	486	540	654	572	
508	465	647	592	521	447	415	580	
665	613	555	502	421	484	564	639	
407	605	461	669	632	426	534	457	
495	435	549	664	477	574	650	442	
423	661	534	476	509	581	667	428	
609	664	447	522	419	632	640	524	
501	672	667	448	463	588	531	438	
437	524	468	603	544	456	620	664	
476	554	620	659	531	490	651	410	
506	424	633	574	561	417	645	464	
443	659	426	512	432	494	524	656	
442	624	534	498	486	642	543	415	
423	489	536	590	456	570	423	640	
611	456	560	462	664	502	550	586	
662	650	490	573	502	438	590	503	
513	639	426	585	512	605	439	544	
559	427	466	501	518	648	426	597	
424	478	536	672	574	533	420	652	
560	608	510	441	431	592	475	630	
492	620	614	416	489	668	554	422	
512	530	627	584	469	557	448	638	
484	537	647	407	639	427	463	560	
548	622	476	409	589	439	513	649	
621	422	567	490	593	552	664	450	
506	590	500	643	578	537	456	664	
547	611	471	664	551	629	449	420	
577	485	655	440	585	424	668	494	
422	423	642	556	499	642	429	521	
485	646	551	429	646	422	669	557	
591	672	485	530	504	553	450	423	
593	497	452	644	596	447	608	514	
535	669	439	627	432	551	599	628	
490	634	437	582	467	590	519	655	
592	465	531	646	668	587	513	458	
644	490	446	509	433	566	490	650	
566	416	498	662	581	416	514	670	
444	616	548	514	473	616	545	605	
568	475	531	643	537	456	422	607	
522	610	614	414	448	646	511	570	
634	603	529	417	479	424	670	534	
507	431	619	653	602	474	581	463	
485	566	643	421	626	444	523	648	
567	495	621	522	494	538	448	603	
428	575	517	666	562	612	434	495	
513	631	440	447	537	507	624	440	
431	640	542	668	487	635	550	640	
467	514	640	594	517	444	407	662	
467	596	526	660	619	535	434	618	
529	423	584	649	631	473	426	631	
583	547	418	652	569	449	668	514	
559	664	421	517	669	644	483	412	
661	435	498	522	459	635	417	523	
655	599	457	526	606	531	451	636	
431	525	657	617	488	603	484	662	
486	572	444	661	466	636	579	519	
521	565	634	448	437	570	633	654	
656	545	479	585	606	442	521	518	
477	602	636	425	525	436	563	656	
449	614	513	416	513	566	629	459	
501	424	496	417	570	609	437	668	
468	474	600	620	606	456	623	538	
569	464	620	546	453	558	599	662	
525	668	487	419	594	487	665	455	
526	617	563	665	633	559	486	430	
622	570	457	565	536	425	483	658	
508	572	412	671	415	658	595	480	
493	453	626	547	602	458	508	658	
433	504	628	603	430	515	569	643	
525	575	641	481	499	451	669	663	
668	562	517	640	585	522	631	415	
586	419	408	635	514	624	431	588	
539	462	614	409	527	464	596	637	
414	535	409	477	442	572	644	517	
605	561	434	669	469	621	535	437	
586	550	642	449	431	540	592	486	
666	477	575	505	650	419	531	613	
622	640	529	449	548	616	441	486	
434	643	556	502	523	564	423	484	
465	648	551	601	600	624	542	445	
552	414	496	492	494	503	422	419	
518	664	571	423	538	611	464	524	
419	572	504	648	631	488	539	482	
488	626	667	417	664	544	413	529	
471	536	651	436	433	627	521	561	
600	651	525	439	428	649	408	551	
459	596	525	655	496	416	587	631	
527	604	437	666	623	672	531	412	
601	496	430	479	594	442	496	574	
532	668	485	549	447	579	662	638	
432	593	641	513	619	502	533	458	
628	470	560	419	461	557	436	647	
603	473	535	640	499	426	567	644	
416	560	447	555	600	429	511	666	
482	446	616	612	511	413	564	652	
524	563	646	450	658	567	521	594	
463	615	671	562	582	467	513	428	
473	593	488	548	603	628	428	515	
566	433	506	629	571	492	508	448	
664	566	432	499	602	478	457	647	
587	544	654	461	447	660	566	590	
617	494	436	597	484	504	445	574	
498	633	455	562	478	489	558	618	
528	607	572	455	579	482	644	663	
424	559	480	615	651	501	552	437	
594	554	412	636	497	657	455	603	
578	408	449	484	651	592	580	479	
547	597	407	464	562	447	666	592	
634	506	416	562	491	418	587	542	
424	665	551	619	595	543	540	429	
476	605	563	657	508	589	454	426	
465	661	412	515	661	605	450	507	
495	546	603	653	516	501	447	647	
555	461	632	632	509	634	652	549	
613	520	534	413	541	632	602	454	
526	445	641	458	413	655	516	607	
479	547	494	602	616	482	530	558	
477	656	597	457	643	510	575	484	
440	569	643	422	443	493	584	654	
500	438	531	575	524	457	606	630	
493	421	630	571	541	484	576	645	
531	660	433	616	469	539	648	452	
563	621	640	462	483	614	435	410	
419	576	638	506	553	458	618	408	
647	483	534	588	440	615	560	664	
557	500	421	637	554	499	610	576	
494	668	426	607	521	464	656	562	
425	672	593	638	537	668	519	441	
486	586	533	626	454	521	597	598	
417	484	641	504	577	635	470	521	
547	466	489	597	552	504	441	649	
670	518	611	408	514	612	409	454	
616	489	553	431	430	444	647	586	
596	563	529	438	557	607	624	511	
422	480	557	601	425	652	522	575	
413	657	499	596	620	464	433	575	
567	644	626	500	665	643	461	600	
545	650	454	416	660	610	520	436	
465	650	524	410	553	418	616	482	
452	555	584	521	641	567	515	413	
619	488	535	465	415	429	533	650	
470	613	542	661	544	456	635	553	
498	658	606	440	507	466	657	541	
641	411	466	521	605	420	480	672	
504	638	427	467	557	615	434	614	
462	504	552	635	657	447	521	573	
598	544	422	638	588	541	462	591	
604	420	526	658	629	532	481	433	
634	426	614	514	459	663	513	492	
622	415	573	487	464	538	627	658	
425	549	449	660	659	422	573	497	
614	507	671	454	618	615	439	497	
452	613	466	524	486	671	607	602	
475	595	475	531	540	460	456	669	
543	433	532	590	508	604	579	640	
442	458	667	563	664	591	419	527	
537	591	667	447	490	606	443	642	
411	526	641	513	613	444	561	505	
536	457	657	478	555	482	637	429	
510	659	451	432	430	653	586	640	
654	566	518	463	584	468	549	448	
496	596	533	440	495	629	419	590	
615	535	434	541	452	490	657	589	
529	409	600	482	464	514	620	542	
487	430	644	653	614	526	440	663	
433	599	666	508	495	550	605	586	
490	647	595	526	595	478	601	425	
630	452	591	416	442	548	606	652	
642	450	512	579	500	430	588	646	
426	644	550	530	657	610	413	559	
452	524	609	525	484	540	556	633	
465	600	558	662	456	646	534	594	
667	475	527	565	536	492	642	446	
516	571	644	454	556	641	410	613	
507	611	656	414	651	483	595	624	
541	610	667	604	488	625	415	665	
572	415	665	479	446	497	655	551	
454	607	656	544	663	467	590	587	
653	466	503	538	586	489	430	550	
433	632	516	569	569	473	670	443	
425	651	584	462	480	478	555	545	
524	644	420	585	474	634	432	575	
640	548	481	416	484	523	634	407	
488	590	409	546	446	507	584	630	
593	478	442	428	662	517	421	454	
450	668	661	577	563	452	634	491	
495	407	579	647	427	582	640	424	
593	543	504	429	476	619	536	446	
461	605	421	550	548	427	464	581	
647	493	423	591	452	629	567	585	
670	603	423	567	615	541	499	443	
628	485	547	418	448	652	479	569	
427	605	475	662	661	560	606	450	
605	670	520	469	663	609	416	646	
426	552	607	486	444	579	653	522	
583	536	596	662	621	669	478	607	
470	569	434	633	469	427	656	550	
585	473	632	527	520	463	656	408	
669	527	466	421	473	552	407	594	
439	564	654	507	622	539	469	436	
430	587	666	411	600	422	646	558	
438	522	609	662	533	407	588	613	
630	549	408	563	594	438	492	656	
472	430	662	577	612	421	490	589	
608	536	670	483	640	487	589	411	
473	610	629	521	442	661	549	606	
474	565	658	420	609	461	552	498	
610	530	486	433	419	470	503	646	
469	527	596	670	520	606	411	472	
517	448	548	436	490	640	501	592	
591	446	658	498	620	527	430	660	
427	633	553	670	537	591	444	573	
518	617	448	624	585	448	504	646	
538	442	619	626	493	528	588	564	
488	626	438	545	617	557	482	426	
492	580	627	430	435	640	620	502	
462	665	524	610	457	654	584	622	
447	554	663	502	530	652	625	489	
582	465	661	422	417	531	456	587	
661	433	524	601	614	544	441	481	
523	655	477	408	632	492	411	587	
600	429	558	656	528	613	519	427	
482	591	424	533	649	464	533	598	
479	561	664	669	471	434	535	574	
569	672	541	449	430	532	557	653	
631	505	450	574	407	495	606	556	
595	527	438	633	590	416	468	535	
424	599	664	494	541	667	488	622	
648	547	457	416	610	408	548	659	
574	408	525	487	642	571	481	438	
491	453	621	661	425	595	434	551	
439	551	658	664	668	518	453	642	
516	424	655	596	514	567	414	603	
457	566	527	665	544	600	424	666	
590	442	533	486	408	449	494	632	
415	561	614	478	477	647	415	545	
576	566	500	419	476	609	648	543	
445	654	586	454	568	443	531	659	
652	431	533	491	501	560	466	642	
573	444	635	439	498	456	560	658	
572	417	613	495	579	661	471	515	
542	438	667	551	499	444	414	636	
424	486	618	419	430	562	635	430	
485	512	457	607	482	541	665	611	
588	436	638	511	492	493	549	636	
611	514	451	454	448	472	671	558	
456	581	631	554	515	603	481	651	
513	648	474	437	421	578	568	524	
638	408	500	557	497	605	431	585	
415	566	512	626	594	669	498	445	
636	450	538	417	544	631	566	478	
608	613	502	459	625	539	411	463	
555	506	485	648	614	556	491	437	
591	420	610	442	657	511	566	440	
529	427	610	669	610	472	419	558	
606	599	672	449	636	544	484	462	
463	540	616	654	557	422	479	631	
528	415	477	598	465	420	660	574	
626	470	416	623	629	571	514	422	
421	439	629	493	644	606	440	552	
562	510	420	622	438	555	494	605	
631	442	579	560	614	531	407	440	
542	471	604	413	478	550	626	672	
600	519	661	422	475	642	564	630	
568	624	454	437	488	519	612	462	
517	453	663	573	646	520	574	640	
422	523	589	520	453	526	589	462	
555	478	618	414	494	593	434	655	
644	460	553	549	447	478	543	669	
562	498	438	618	445	654	558	590	
502	630	582	434	622	545	413	493	
542	475	631	407	452	554	595	503	
466	619	513	565	435	608	530	660	
659	447	560	639	622	434	542	556	
497	444	639	553	523	410	656	587	
600	600	548	652	480	411	632	574	
646	471	421	578	424	465	524	654	
