L1	L2	L3	L4	R1	R2	R3	R4	
630	521	422	578	447	540	589	502	
648	525	604	589	613	447	525	640	
663	635	445	529	489	572	663	435	
589	604	653	663	625	539	428	482	
525	577	648	632	617	467	573	510	
645	517	448	569	627	573	480	482	
487	409	648	599	552	455	482	657	
493	566	647	524	414	570	553	657	
569	448	517	525	432	588	510	533	
660	483	429	597	511	667	470	615	
464	648	541	645	413	478	604	535	
418	585	623	476	656	414	639	585	
522	447	607	626	440	572	635	622	
651	481	584	611	447	560	659	641	
489	638	569	563	564	425	629	500	
597	438	491	542	465	643	585	554	
535	630	672	448	574	522	435	671	
460	612	642	508	565	461	407	617	
588	534	409	636	541	610	472	433	
558	583	663	442	657	580	448	521	
592	484	414	602	521	584	662	422	
424	648	570	494	638	458	561	644	
651	524	514	448	646	557	453	519	
633	547	458	480	520	429	429	632	
635	450	550	597	609	496	470	602	
429	602	492	542	620	460	519	659	
537	615	473	409	653	499	411	481	
468	600	672	541	586	423	464	651	
449	496	531	615	598	453	543	664	
653	486	419	516	562	477	627	411	
506	448	592	481	494	559	414	537	
613	580	418	414	499	597	408	659	
651	419	536	595	638	511	424	551	
609	540	671	496	425	628	532	450	
510	433	583	631	586	465	640	504	
456	567	637	552	672	591	425	532	
514	663	420	614	432	628	536	410	
579	524	661	462	578	454	587	510	
442	483	632	528	542	466	591	666	
498	587	532	664	464	576	638	408	
409	456	572	588	476	633	649	583	
483	474	670	424	542	408	483	623	
414	531	641	555	453	645	544	586	
586	460	666	494	531	670	473	638	
437	608	512	428	410	533	495	619	
653	502	415	422	437	518	649	581	
663	540	528	459	436	651	490	563	
466	564	548	639	629	609	569	474	
533	633	432	589	455	578	610	478	
634	528	461	581	415	561	647	486	
411	637	509	451	615	647	539	433	
412	481	581	413	433	459	630	621	
635	483	595	407	671	629	545	486	
496	630	578	435	525	595	438	652	
582	473	669	410	574	426	514	636	
418	618	499	648	417	476	636	540	
422	628	569	491	592	408	526	667	
494	536	665	412	620	472	411	552	
636	526	467	575	632	599	471	413	
522	422	409	581	585	464	657	519	
658	582	475	615	507	622	662	440	
651	571	494	445	634	555	467	461	
478	663	569	428	606	498	512	428	
501	564	446	490	668	519	547	445	
640	510	608	660	596	648	444	530	
502	570	459	566	610	462	487	636	
647	581	509	448	653	594	440	588	
647	438	538	583	565	497	444	635	
624	658	573	445	571	475	436	647	
629	591	435	512	505	572	631	446	
622	549	644	444	580	517	578	451	
636	554	620	474	528	670	447	617	
447	613	517	515	511	670	414	571	
615	483	643	556	611	465	553	544	
615	434	484	545	656	464	552	574	
654	424	520	495	562	530	611	422	
444	621	542	671	672	563	522	408	
604	504	668	542	453	601	636	411	
484	617	547	411	626	522	480	423	
500	434	573	590	545	490	632	435	
465	540	614	503	433	489	657	565	
514	462	407	578	487	566	654	596	
578	528	671	649	636	509	472	556	
422	662	650	456	568	501	631	415	
521	578	627	408	414	617	671	474	
470	546	523	618	576	418	667	508	
642	551	593	458	415	546	612	504	
496	571	662	622	539	635	490	419	
650	568	490	437	587	473	531	645	
618	465	531	569	461	625	409	535	
615	467	665	432	435	589	653	532	
577	444	472	570	592	432	484	627	
464	618	410	542	566	491	431	654	
666	625	447	450	612	510	423	425	
641	452	507	418	618	543	455	451	
465	636	484	546	514	605	444	609	
569	591	425	658	627	472	532	454	
548	633	485	414	594	485	653	524	
561	628	483	579	475	639	547	415	
566	632	447	656	520	541	593	644	
543	511	433	639	522	506	615	409	
651	453	417	485	574	463	516	639	
574	523	634	456	434	542	599	631	
422	415	511	615	531	575	505	452	
584	631	489	407	579	522	407	464	
419	582	670	594	433	560	669	504	
490	561	438	642	424	625	513	592	
497	585	636	556	517	445	625	545	
501	669	437	584	575	522	431	638	
601	412	515	618	507	574	601	442	
637	417	567	473	553	443	627	503	
561	623	502	432	651	577	422	475	
603	495	432	662	535	445	408	501	
446	559	660	605	538	596	502	444	
604	458	427	566	595	417	618	479	
444	665	614	544	426	625	495	546	
548	418	628	670	642	420	439	623	
631	441	575	518	589	668	440	501	
477	413	580	442	552	428	497	672	
605	509	661	502	601	486	549	417	
546	483	614	433	495	621	436	508	
420	515	439	617	580	486	639	667	
556	588	483	651	589	459	640	523	
547	651	411	610	626	419	556	466	
563	505	594	419	573	482	659	536	
484	435	539	625	642	539	480	588	
505	586	463	638	614	540	452	422	
471	646	540	528	530	414	630	569	
518	652	434	507	581	430	572	492	
609	423	481	495	469	537	419	603	
628	462	509	613	603	420	545	502	
606	637	513	668	586	418	465	639	
545	457	432	610	615	474	662	527	
524	636	600	444	468	432	589	522	
617	485	562	439	432	500	570	662	
521	626	570	443	641	429	589	476	
503	638	445	413	605	625	454	573	
615	493	566	457	597	432	471	563	
540	407	630	607	448	499	669	570	
425	525	594	656	486	647	427	664	
529	415	468	662	660	463	602	530	
647	527	447	589	429	553	639	508	
446	573	660	515	534	429	633	424	
566	448	551	633	424	581	520	661	
420	672	558	491	544	472	629	484	
438	604	541	487	541	416	642	464	
633	412	554	491	459	615	530	642	
619	587	453	544	642	525	450	460	
523	604	457	586	448	620	519	590	
504	573	419	453	432	664	483	567	
535	460	636	597	460	609	583	411	
517	597	655	408	487	666	411	541	
419	667	450	553	644	550	585	440	
629	556	503	509	581	447	536	517	
610	423	488	671	465	597	407	546	
644	461	569	636	593	415	542	485	
560	471	412	599	617	426	663	603	
533	425	536	610	569	436	550	504	
415	633	535	473	494	670	441	556	
639	488	414	574	449	585	666	526	
626	535	494	584	440	594	550	483	
468	483	631	563	490	478	414	652	
411	619	488	652	616	443	534	476	
556	507	448	445	582	666	485	437	
478	588	534	419	437	569	665	520	
507	576	636	438	651	649	430	524	
482	534	409	607	452	607	672	553	
637	474	574	662	564	415	654	440	
440	666	541	572	505	637	591	430	
665	477	554	608	612	408	545	449	
422	486	630	574	579	459	522	668	
493	600	619	424	497	409	643	571	
645	530	601	657	529	672	482	639	
514	452	646	596	608	667	425	514	
622	497	483	564	574	495	672	439	
594	439	524	670	532	420	648	573	
598	427	537	507	635	561	490	614	
512	667	506	431	468	547	541	611	
465	622	594	523	586	648	493	466	
579	450	526	521	640	490	546	413	
623	540	433	671	419	645	518	582	
427	640	658	502	432	491	586	649	
558	632	499	431	523	568	479	618	
518	419	562	669	625	464	515	585	
420	607	669	510	617	545	439	643	
410	492	636	614	413	571	669	510	
619	496	428	666	568	459	419	668	
433	494	575	631	609	659	422	536	
464	466	631	575	583	453	665	622	
472	415	601	528	547	649	442	502	
507	632	447	672	666	565	506	511	
421	542	455	534	553	649	500	413	
632	431	415	530	566	650	452	489	
512	453	475	536	552	603	656	632	
478	418	575	650	578	655	607	408	
490	671	620	432	601	540	439	669	
570	505	619	449	545	430	649	427	
456	662	600	481	513	665	619	426	
503	585	413	639	521	654	641	438	
566	634	507	424	519	525	469	466	
598	428	500	665	590	422	493	604	
439	578	520	643	549	631	615	489	
467	425	527	638	436	658	520	602	
495	670	568	510	603	473	660	411	
520	448	597	451	663	660	472	412	
416	651	495	597	657	519	429	522	
584	636	474	453	442	635	512	493	
417	661	603	513	417	591	533	664	
466	646	526	593	666	566	467	604	
614	424	583	483	439	568	646	555	
635	418	495	672	416	515	586	672	
504	452	625	533	467	560	429	665	
660	545	577	480	477	589	669	576	
657	530	582	474	617	528	450	563	
460	557	422	610	466	623	569	525	
552	465	662	604	423	603	524	670	
504	609	484	669	541	608	662	482	
434	528	638	589	484	410	545	599	
597	427	598	473	523	589	466	657	
586	422	592	488	532	663	598	462	
558	487	588	423	489	446	598	420	
640	522	595	410	430	561	489	616	
540	643	484	441	419	570	473	614	
489	531	420	657	550	554	458	621	
448	602	481	547	647	554	472	417	
627	520	454	561	619	506	498	431	
657	409	585	462	407	451	564	643	
442	608	576	495	543	670	481	620	
529	467	415	669	472	644	415	571	
508	637	540	451	497	572	487	631	
518	563	616	664	475	538	609	658	
447	584	515	644	633	469	609	573	
510	535	605	655	662	532	591	453	
666	481	413	535	640	548	462	411	
584	531	473	590	637	462	522	625	
559	562	657	487	603	661	515	577	
522	457	664	610	605	517	535	653	
605	451	501	585	499	489	440	566	
557	454	522	630	604	428	656	499	
416	556	432	640	407	595	543	471	
585	441	530	423	451	545	613	495	
452	550	644	469	581	454	649	541	
658	463	513	611	587	503	658	414	
418	540	632	484	524	481	416	663	
540	422	632	477	517	629	436	565	
414	494	590	528	508	442	568	627	
417	661	591	487	660	539	570	625	
408	647	509	609	485	570	614	649	
633	474	559	425	560	455	611	664	
661	658	420	521	589	662	582	468	
408	528	444	638	511	609	643	557	
508	454	656	563	576	662	427	522	
502	585	531	417	407	517	465	577	
634	519	414	593	557	419	438	502	
660	482	577	549	417	421	537	614	
464	602	487	670	645	594	415	589	
494	432	639	581	592	514	455	440	
413	472	495	610	486	421	591	641	
417	494	640	562	443	626	493	619	
625	463	561	409	596	653	528	444	
634	501	650	413	605	485	526	664	
664	554	474	634	642	434	530	644	
492	437	664	566	598	649	512	462	
636	431	527	555	627	426	565	672	
508	609	555	608	655	418	507	543	
484	431	550	659	435	650	601	609	
464	524	593	657	552	476	458	625	
654	425	524	649	427	605	516	586	
641	444	506	567	573	459	620	644	
477	662	539	433	619	541	654	412	
584	453	530	628	537	545	466	654	
588	408	555	482	456	425	630	477	
579	437	648	628	558	457	629	519	
437	415	488	541	442	488	562	645	
549	639	416	588	610	633	501	413	
421	593	486	554	468	666	577	408	
534	514	583	445	512	473	623	563	
461	568	514	580	597	505	428	550	
550	594	408	504	449	652	556	559	
509	580	459	643	475	634	498	573	
476	418	622	522	535	446	567	670	
508	612	670	428	524	464	656	603	
632	460	407	563	670	588	448	615	
569	632	460	457	546	409	618	487	
427	643	454	598	491	635	441	571	
451	550	668	615	608	412	488	541	
630	476	571	494	515	637	589	420	
671	607	503	421	457	637	539	589	
614	564	506	436	553	615	465	554	
658	484	594	536	515	650	628	426	
419	554	522	646	621	546	452	668	
636	594	545	465	458	514	668	598	
612	458	536	426	640	608	438	547	
464	527	627	542	509	420	630	575	
572	436	484	498	551	412	654	491	
663	441	605	522	412	653	505	565	
671	621	479	451	505	603	555	450	
553	413	666	455	481	439	408	654	
610	552	485	487	618	424	639	505	
559	415	513	630	626	490	419	556	
566	430	628	481	657	645	587	498	
614	554	505	439	412	647	575	506	
416	616	488	597	604	509	639	411	
667	626	547	409	621	436	538	456	
529	594	445	413	511	460	460	616	
573	473	656	652	561	453	612	495	
452	661	612	536	483	559	412	664	
494	636	578	431	605	536	426	549	
434	528	616	670	467	653	478	560	
420	485	641	643	474	636	535	414	
637	492	570	590	428	618	648	501	
509	456	657	563	602	533	447	669	
409	604	493	499	665	495	529	432	
586	638	538	444	640	441	511	499	
444	411	497	641	559	644	489	441	
594	669	613	421	486	427	572	545	
609	477	575	412	596	417	532	479	
592	556	629	449	619	522	440	544	
505	645	559	411	611	558	662	463	
624	476	439	411	586	514	462	660	
426	552	635	484	522	447	631	597	
436	568	656	414	484	649	544	422	
658	585	473	527	602	440	407	480	
632	415	568	482	607	660	531	602	
518	416	658	592	613	441	523	566	
586	514	427	485	618	488	672	553	
491	443	554	630	653	549	456	505	
624	496	566	409	407	554	617	491	
546	634	496	456	417	498	655	590	
632	491	557	658	578	427	657	579	
462	670	491	414	603	506	635	407	
476	627	627	548	605	493	423	545	
446	619	668	586	441	640	638	544	
622	417	499	671	535	445	608	655	
480	590	435	530	522	450	643	585	
521	457	621	627	611	522	418	501	
524	603	665	416	537	603	627	442	
452	513	604	602	531	670	446	576	
442	663	580	497	525	426	565	637	
521	591	445	537	573	645	607	520	
527	444	628	409	607	494	629	450	
503	416	604	570	504	570	422	630	
433	614	545	492	629	522	418	562	
608	518	412	649	411	419	582	657	
592	443	620	500	652	522	575	451	
630	434	468	525	415	668	454	635	
599	533	449	547	493	435	660	551	
621	438	492	419	598	437	650	601	
427	487	568	657	495	586	502	627	
506	589	525	474	654	501	518	553	
452	580	415	637	417	563	463	575	
667	415	510	537	668	556	532	611	
430	657	585	492	587	408	531	460	
651	434	546	634	667	610	468	568	
464	526	565	668	537	423	648	612	
489	602	669	545	483	573	662	419	
665	560	408	607	604	460	531	653	
498	586	643	667	631	531	431	591	
633	524	455	519	672	567	481	632	
628	654	510	568	431	563	515	636	
457	512	604	662	612	473	660	523	
648	477	565	535	442	665	524	588	
505	452	590	670	552	471	613	419	
493	643	578	414	599	664	457	512	
495	614	410	428	659	535	535	429	
455	583	621	504	614	488	660	409	
410	539	662	488	671	515	502	579	
427	651	540	471	655	464	521	587	
668	529	468	608	645	437	520	585	
463	670	561	602	443	528	418	597	
429	590	518	525	640	553	413	515	
597	489	666	427	630	478	412	552	
666	609	541	455	555	480	607	670	
472	547	575	412	501	596	641	460	
452	522	667	440	612	553	473	671	
537	666	428	509	581	661	464	488	
627	669	553	574	520	447	661	578	
541	641	487	434	662	451	549	441	
602	556	416	473	542	616	667	591	
548	512	661	425	439	653	511	607	
433	632	519	482	595	473	642	427	
557	408	511	644	413	589	620	545	
573	503	509	423	415	559	492	646	
546	647	450	514	493	578	672	434	
541	470	531	599	618	504	669	407	
632	635	483	534	620	437	537	473	
512	415	532	655	621	457	552	596	
644	447	589	410	497	579	629	525	
524	637	454	661	560	524	410	614	
442	497	638	565	427	502	547	568	
542	568	653	441	485	626	450	539	
475	661	408	436	567	424	641	670	
587	472	612	520	455	658	608	456	
656	429	574	479	623	495	411	445	
579	518	551	441	608	624	435	561	
649	570	597	526	455	594	420	545	
605	451	517	627	433	560	512	648	
598	519	667	497	451	637	513	589	
612	436	669	556	513	461	554	656	
647	425	647	572	606	501	476	426	
453	650	519	578	581	443	511	655	
666	563	471	523	598	474	416	523	
603	472	530	621	454	510	541	625	
425	483	647	639	632	507	655	457	
583	430	472	658	466	533	611	553	
632	587	475	526	566	436	636	484	
476	584	429	511	571	524	444	663	
529	669	447	587	553	490	606	421	
653	505	417	578	653	511	486	600	
510	413	531	619	666	442	513	498	
440	409	637	526	671	505	572	635	
417	570	665	481	597	474	412	541	
576	515	482	633	430	671	587	520	
612	490	431	552	426	623	527	601	
632	477	424	425	552	666	518	608	
492	619	530	585	482	538	653	429	
526	547	604	669	507	612	630	418	
475	594	536	626	463	538	599	650	
555	616	494	445	457	529	658	470	
599	455	612	412	567	621	520	660	
576	415	648	514	471	663	570	521	
615	415	653	499	473	669	416	584	
528	479	667	591	618	588	656	424	
488	620	498	548	508	625	495	664	
657	501	425	579	537	485	588	407	
476	593	407	527	519	651	409	436	
654	560	417	483	660	443	609	530	
496	627	408	420	465	413	415	527	
622	425	449	521	581	453	635	624	
410	519	661	571	547	648	485	431	
419	653	616	588	671	531	644	472	
651	426	596	483	529	579	415	442	
578	661	408	504	608	532	430	615	
540	597	459	659	671	480	624	556	
622	503	445	408	666	529	604	469	
407	492	566	654	597	507	437	657	
617	563	479	451	539	653	472	569	
555	515	426	413	623	571	457	520	
600	536	438	420	597	440	451	538	
570	629	467	508	485	422	588	539	
533	641	415	470	564	491	468	672	
430	545	608	593	449	581	493	521	
516	672	594	458	640	570	664	479	
535	623	439	651	605	520	407	641	
529	614	455	667	565	407	643	462	
650	428	518	592	590	531	458	672	
661	474	417	625	614	429	553	585	
580	661	633	521	615	511	483	554	
662	606	410	462	646	518	585	440	
520	655	458	544	605	525	635	407	
475	666	434	515	578	414	489	648	
610	457	480	541	649	548	605	479	
412	460	666	579	465	553	462	650	
608	489	525	468	654	597	574	483	
421	488	621	556	581	647	466	513	
548	602	459	640	553	660	496	572	
610	534	450	668	595	507	663	433	
577	442	566	475	486	563	631	554	
539	647	451	575	633	543	672	617	
606	451	511	429	585	410	507	634	
624	457	568	538	598	650	434	525	
619	527	581	472	466	597	645	526	
552	464	609	484	467	641	591	424	
654	517	534	411	644	433	525	467	
544	473	652	591	549	427	632	558	
591	468	539	639	428	463	589	642	
647	419	575	523	657	470	424	568	
492	612	595	550	615	514	468	414	
506	616	410	423	429	649	506	561	
630	576	440	495	492	593	415	669	
415	539	587	473	526	575	607	655	
541	494	626	594	526	632	443	631	
591	468	558	416	659	419	607	609	
570	511	645	462	474	575	666	516	
413	491	556	642	455	525	610	471	
595	443	409	561	653	467	558	509	
456	642	601	407	554	616	525	672	
624	484	480	566	512	441	577	592	
661	458	522	597	433	561	638	460	
659	501	444	608	434	574	578	657	
494	659	627	554	415	569	611	477	
526	611	447	522	538	670	475	421	
410	492	586	646	609	491	567	503	
511	664	597	435	498	419	570	546	
601	529	563	434	577	522	457	639	
565	473	646	407	444	611	503	591	
657	466	446	602	410	480	610	654	
577	479	522	424	630	549	566	454	
598	474	654	458	527	669	571	456	
557	649	437	485	419	654	537	593	
626	523	456	570	609	415	529	466	
485	624	416	541	509	636	545	645	
524	632	411	467	529	611	590	409	
600	444	670	495	647	523	457	601	
560	668	508	443	546	441	487	659	
595	526	440	417	484	497	620	587	
442	543	631	491	548	672	450	635	
571	653	506	645	452	577	513	672	
419	614	420	518	616	418	592	508	
477	416	613	557	633	440	605	572	
602	426	484	532	611	533	450	614	
455	543	430	657	644	512	627	449	
469	408	663	544	534	633	492	446	
446	652	513	564	481	620	496	409	
556	435	621	630	460	585	522	667	
607	445	519	658	549	660	604	483	
624	480	456	524	617	416	444	495	
443	608	659	498	427	554	657	481	
502	562	420	493	419	600	654	475	
416	601	548	492	496	530	586	636	
485	437	630	554	508	612	570	427	
666	426	561	478	643	463	511	412	
429	519	578	645	592	444	469	644	
491	414	532	651	571	655	435	504	
482	614	550	665	589	514	670	451	
546	629	411	585	477	418	646	537	
553	428	490	633	553	614	424	666	
453	471	523	649	503	420	609	645	
620	419	493	669	486	662	613	597	
512	441	565	620	462	646	552	428	
449	640	595	529	500	618	540	663	
625	532	477	414	530	589	463	417	
425	631	496	544	527	659	439	604	
577	517	620	446	452	512	658	590	
629	513	436	568	548	460	640	498	
518	658	594	581	509	429	450	658	
486	661	407	558	475	528	435	652	
542	582	447	663	615	454	484	543	
478	642	604	580	581	493	652	671	
604	572	497	410	560	653	425	492	
655	543	537	413	481	583	653	417	
571	535	632	451	564	617	659	472	
607	424	569	511	469	420	672	610	
472	411	541	646	589	466	408	523	
435	654	457	545	464	657	522	436	
551	485	646	526	465	605	536	671	
564	416	526	637	522	587	654	431	
498	555	578	414	600	413	524	650	
527	629	498	419	601	672	536	455	
469	643	671	572	632	431	562	492	
476	655	550	430	524	407	583	658	
559	429	503	424	569	480	456	515	
513	455	594	661	531	630	593	462	
536	621	474	432	573	538	649	595	
525	414	652	491	662	470	576	500	
505	564	425	634	489	636	601	431	
477	408	597	541	613	555	469	522	
512	456	571	669	647	426	517	582	
649	481	445	573	558	626	422	497	
468	672	579	522	584	533	646	414	
666	520	574	575	578	515	613	668	
651	504	572	449	532	445	659	425	
579	480	426	658	407	636	550	487	
646	641	441	513	522	651	578	465	
611	542	474	659	571	540	638	431	
517	620	462	582	425	597	649	524	
505	611	427	535	589	425	525	648	
640	516	424	576	663	576	512	629	
595	451	671	545	562	467	642	412	
543	468	425	660	668	422	408	608	
549	593	668	443	502	611	443	563	
581	672	604	501	529	601	655	482	
538	622	457	422	605	482	657	463	
598	596	539	446	496	580	447	621	
632	482	594	408	409	540	594	669	
442	624	656	508	604	537	414	422	
546	496	544	437	435	576	656	521	
522	589	441	641	418	488	662	636	
503	559	638	410	474	565	663	536	
471	507	567	643	442	667	602	525	
559	587	620	429	526	464	579	591	
670	510	563	635	535	541	615	487	
436	526	628	562	589	552	650	452	
660	555	437	472	589	465	532	578	
418	520	460	609	428	503	672	575	
498	449	573	642	536	605	412	481	
597	520	659	424	493	652	546	648	
488	613	671	438	638	521	469	585	
557	632	661	493	645	570	465	497	
421	656	533	492	530	506	635	448	
578	429	595	637	607	449	609	546	
442	654	570	520	601	529	647	467	
426	648	489	499	427	454	645	548	
505	587	657	639	665	588	439	488	
575	441	481	662	435	548	655	524	
498	551	427	652	488	605	563	425	
613	453	545	669	615	535	424	494	
657	516	616	426	478	481	411	633	
514	642	425	576	444	619	516	650	
427	522	591	642	526	442	620	661	
429	671	546	597	589	533	451	554	
616	435	609	524	598	419	651	554	
432	633	533	494	465	542	641	430	
412	642	469	563	586	668	464	552	
440	547	505	636	455	626	505	460	
625	563	556	443	516	649	629	429	
637	425	565	478	641	494	418	555	
575	493	652	658	525	632	662	431	
554	600	626	408	459	434	495	590	
569	456	657	556	578	408	528	638	
601	418	523	653	429	642	647	515	
617	440	553	525	454	561	578	653	
552	439	629	500	410	670	576	519	
637	504	553	451	449	528	633	559	
643	478	538	672	450	502	646	564	
557	613	508	420	501	418	583	664	
576	649	507	462	644	427	571	507	
427	566	480	500	568	455	516	634	
495	598	423	658	639	576	485	630	
435	605	544	503	516	657	474	416	
415	601	558	638	600	594	424	663	
479	663	412	649	458	631	543	655	
500	598	642	444	543	607	474	566	
655	447	608	542	597	658	527	462	
599	499	520	413	647	509	576	511	
646	416	469	562	499	601	430	665	
644	430	585	513	654	527	589	455	
520	576	414	634	602	652	490	489	
508	632	664	591	448	511	417	584	
432	586	667	500	540	443	629	503	
580	474	670	605	472	625	436	536	
506	580	672	447	669	519	463	573	
553	438	670	461	636	559	493	434	
593	446	545	664	498	446	604	541	
575	420	665	503	425	646	587	485	
478	595	589	669	600	483	407	530	
616	555	441	474	519	467	606	409	
431	660	501	513	603	619	539	470	
536	415	516	605	597	657	429	508	
646	456	536	657	658	421	575	474	
637	485	541	656	650	565	452	444	
408	523	624	456	582	670	529	434	
563	644	445	496	571	418	633	504	
474	533	476	417	487	499	610	559	
515	607	448	663	481	635	437	554	
491	601	422	657	442	590	428	520	
651	479	643	546	575	586	407	502	
611	528	627	433	547	434	587	475	
575	422	514	667	651	578	446	527	
437	630	541	578	663	478	537	419	
537	625	456	564	668	420	475	512	
544	420	589	531	662	570	453	510	
469	636	643	407	424	569	636	497	
471	568	653	655	453	554	607	430	
495	580	565	503	424	518	622	497	
553	476	635	510	599	413	482	548	
458	655	592	483	441	624	504	560	
525	474	634	545	479	645	565	569	
432	552	511	629	455	541	653	601	
551	506	440	637	489	539	655	595	
517	661	481	584	516	427	613	665	
579	662	632	528	545	439	600	629	
571	450	514	660	584	474	671	409	
661	412	558	413	555	493	409	631	
578	495	407	642	579	647	462	642	
507	638	548	426	584	437	446	663	
661	412	477	548	489	660	568	588	
578	643	453	495	546	624	419	411	
582	458	412	564	613	540	440	503	
617	621	432	446	572	434	518	663	
471	654	449	593	623	564	439	483	
463	414	590	535	533	450	656	579	
503	605	646	542	661	409	486	420	
481	591	417	539	642	484	600	536	
568	512	643	576	660	512	415	626	
429	664	558	596	588	635	478	419	
497	409	660	591	410	458	587	640	
653	583	471	507	629	587	499	407	
652	424	573	504	590	432	672	603	
407	580	497	407	639	559	489	429	
475	611	662	532	586	448	519	624	
412	500	529	617	448	566	644	510	
490	609	619	411	470	600	525	431	
660	485	547	422	575	424	659	465	
666	506	598	437	491	601	552	669	
414	480	664	571	664	567	507	609	
424	556	478	636	445	546	481	620	
534	434	668	480	515	558	491	440	
604	622	432	546	655	587	439	509	
556	469	653	445	427	541	650	490	
664	544	602	431	568	625	462	527	
669	529	600	441	471	578	646	525	
452	564	479	616	474	600	507	669	
643	529	454	589	463	449	644	560	
631	414	600	484	649	560	464	469	
637	547	651	493	580	409	562	482	
494	411	671	415	576	476	522	632	
475	541	639	575	657	420	613	461	
409	607	505	653	521	648	443	581	
424	668	586	566	561	421	438	665	
547	649	464	408	608	573	501	439	
541	458	480	530	569	446	640	494	
626	453	524	600	489	560	622	625	
643	513	433	574	444	545	608	449	
450	497	664	605	437	648	486	602	
606	517	662	422	562	581	505	448	
605	411	438	530	614	533	445	452	
477	633	553	415	449	480	650	574	
448	436	569	601	603	500	550	427	
666	629	456	607	454	544	610	502	
659	609	592	496	503	608	411	652	
521	595	489	656	533	440	521	640	
478	429	472	606	427	574	650	476	
478	545	528	413	609	504	436	445	
623	506	443	501	519	606	638	408	
444	501	668	607	462	557	497	633	
514	650	583	458	640	582	517	660	
500	636	669	539	479	634	520	578	
464	530	635	416	559	479	635	625	
439	425	540	505	563	478	457	522	
424	497	493	590	563	509	411	435	
452	496	602	543	620	529	458	408	
417	624	657	571	568	424	499	651	
527	455	667	550	432	582	531	672	
423	526	494	594	428	494	656	564	
645	532	454	458	551	610	435	412	
583	638	421	515	586	474	671	648	
504	457	660	602	554	501	452	640	
441	655	550	490	596	648	456	565	
648	424	597	564	416	536	471	590	
518	594	653	417	643	546	408	487	
468	561	659	613	432	616	543	484	
505	656	557	633	421	561	640	597	
564	427	662	617	638	618	459	564	
567	456	660	513	591	498	423	671	
631	485	571	426	556	407	672	617	
593	459	509	636	559	645	416	499	
440	655	486	541	528	638	622	491	
628	466	575	534	494	429	485	575	
636	518	569	457	601	661	516	452	
603	498	457	547	663	584	416	505	
424	469	581	651	608	422	535	469	
551	470	646	409	612	664	486	506	
520	417	616	457	408	482	524	586	
576	413	469	656	559	507	410	622	
434	542	589	485	612	413	535	503	
557	455	608	497	530	573	468	630	
517	649	412	559	655	425	577	440	
448	637	516	665	489	624	483	422	
633	579	508	434	659	478	532	580	
420	644	486	591	620	463	433	557	
411	658	475	599	612	620	429	554	
584	481	577	519	584	631	443	667	
478	628	552	507	527	473	655	588	
542	430	424	605	576	527	672	444	
421	477	537	495	420	608	602	541	
438	536	592	658	546	613	418	671	
554	481	661	427	438	528	580	649	
611	492	667	414	657	446	601	505	
655	415	467	526	466	536	668	630	
670	514	612	430	441	570	473	511	
534	621	431	657	641	536	434	579	
566	643	671	464	664	464	584	543	
518	429	639	652	462	407	547	616	
660	439	410	617	530	659	445	600	
500	419	651	518	549	423	617	479	
429	589	505	437	580	448	510	456	
553	445	518	598	413	480	607	520	
572	466	651	438	459	549	648	621	
452	650	632	523	562	667	454	592	
444	526	662	515	532	468	576	415	
584	655	464	418	435	646	492	591	
533	655	572	421	448	656	554	608	
430	617	501	578	562	576	658	411	
450	663	532	529	417	549	655	497	
561	504	472	618	494	423	644	556	
476	573	643	445	603	528	499	664	
516	605	451	645	565	452	508	529	
670	621	420	509	593	567	501	410	
524	654	417	495	565	509	413	630	
626	449	567	479	457	571	669	640	
631	407	504	613	604	550	485	666	
638	501	409	580	593	460	507	424	
634	409	492	544	579	479	671	463	
481	557	411	631	508	611	412	671	
413	605	475	503	437	608	545	487	
602	647	495	559	500	561	427	629	
540	488	619	433	415	616	516	671	
572	662	513	634	415	599	651	505	
573	524	653	471	655	423	508	596	
522	436	611	656	512	606	663	487	
441	539	585	635	544	582	667	460	
602	571	504	640	481	556	611	650	
477	629	593	570	597	416	456	542	
429	588	636	524	572	565	463	653	
546	536	655	432	644	520	432	565	
555	430	623	440	526	616	524	629	
530	615	444	669	575	409	620	568	
520	466	425	634	417	617	582	489	
565	605	434	481	428	610	666	546	
590	517	453	646	424	555	490	617	
474	639	540	445	641	411	564	490	
460	666	629	527	433	545	617	506	
455	635	518	609	652	408	547	443	
559	647	602	483	544	448	528	653	
536	643	591	632	536	464	647	587	
430	548	613	468	449	626	585	501	
542	608	627	412	488	409	413	648	
414	628	544	492	468	658	527	608	
412	457	531	490	411	558	621	467	
652	536	411	590	595	430	472	661	
421	671	467	522	634	555	484	417	
407	511	572	512	587	498	446	666	
583	516	609	457	424	536	642	648	
488	416	609	559	612	409	540	452	
496	435	497	569	661	467	578	547	
412	420	662	611	459	550	666	408	
533	442	608	672	635	431	579	571	
487	640	425	582	477	594	656	670	
623	651	544	446	440	605	543	467	
438	565	648	510	496	565	442	644	
443	525	601	657	476	551	528	604	
643	565	490	415	428	658	487	581	
606	571	632	534	414	544	604	493	
453	521	460	586	523	662	639	438	
413	587	453	620	618	413	523	517	
583	671	439	472	462	527	639	598	
497	409	557	459	651	421	571	503	
527	623	633	417	597	546	474	648	
524	615	447	657	583	482	412	449	
579	482	563	420	432	550	665	488	
654	470	408	435	465	530	607	412	
615	522	480	427	527	413	643	566	
438	604	495	552	631	535	671	483	
556	495	529	444	604	557	424	658	
654	448	527	469	613	433	504	666	
413	473	596	655	454	497	661	585	
470	650	663	539	558	444	648	504	
489	440	616	528	609	511	424	664	
433	640	603	503	430	504	612	670	
485	433	605	638	428	672	593	531	
602	419	496	641	513	412	589	667	
415	635	559	496	598	509	422	669	
599	433	487	548	535	468	662	427	
440	637	445	507	637	594	457	532	
614	634	508	446	441	664	531	615	
481	636	535	656	407	527	418	475	
435	610	613	549	430	494	590	658	
523	462	632	575	662	514	585	483	
415	588	465	631	559	440	640	630	
458	640	521	528	544	617	499	439	
464	636	439	497	580	504	433	498	
439	520	520	628	452	547	659	587	
456	660	562	490	663	507	637	577	
468	567	645	656	557	627	444	643	
568	441	665	549	470	547	663	488	
552	666	494	600	426	567	494	602	
500	558	422	440	465	534	599	650	
470	527	652	581	459	550	608	649	
534	626	558	414	662	495	566	420	
648	447	598	508	462	559	662	452	
519	586	671	466	416	573	655	527	
520	468	659	416	463	489	542	523	
519	588	646	407	462	651	628	587	
581	641	423	552	520	672	458	622	
573	477	664	408	459	479	529	598	
568	618	502	662	497	552	643	441	
426	546	649	502	553	432	597	487	
470	560	407	664	443	629	566	518	
476	418	529	617	637	414	502	491	
530	477	630	442	654	534	580	411	
542	637	483	647	411	592	552	431	
503	624	631	413	668	610	451	572	
456	633	599	555	595	652	507	460	
605	438	413	659	435	438	511	616	
517	440	647	582	610	569	666	516	
651	593	490	430	545	483	618	426	
492	576	599	657	608	512	462	569	
445	504	513	565	449	441	643	603	
568	443	643	666	463	656	542	578	
600	539	639	480	458	544	669	419	
504	615	441	572	442	569	516	672	
481	609	434	588	590	469	437	535	
456	609	551	663	548	525	423	603	
540	413	567	658	653	444	600	537	
491	608	435	668	433	440	491	607	
591	485	544	416	493	443	556	620	
466	413	551	663	499	633	570	545	
614	488	453	624	538	620	451	423	
602	538	653	407	664	529	462	598	
644	573	505	570	449	452	601	535	
431	506	546	615	613	647	544	416	
409	464	488	609	415	480	536	593	
618	486	585	414	519	655	624	466	
476	600	443	648	656	584	510	455	
476	672	669	487	593	420	513	658	
623	531	439	619	575	461	584	519	
499	429	638	633	458	573	421	504	
551	670	481	447	637	475	545	428	
540	641	427	488	610	663	545	459	
646	501	461	447	589	517	439	651	
591	628	484	418	645	494	551	637	
478	568	521	573	654	577	438	541	
411	527	644	589	540	584	407	664	
508	421	557	587	436	544	666	665	
448	528	564	475	477	588	534	413	
541	504	409	628	552	494	649	630	
436	420	670	533	656	509	603	483	
559	535	443	639	410	654	471	581	
482	490	602	408	526	451	617	659	
480	424	556	651	559	525	460	663	
437	582	627	452	670	651	427	464	
535	656	413	452	455	533	668	594	
462	525	601	422	535	600	448	504	
566	486	632	437	453	634	536	593	
585	654	459	511	653	491	427	545	
604	491	652	568	455	519	593	659	
440	619	502	430	408	464	579	618	
552	666	421	605	427	586	635	532	
666	584	588	527	567	649	433	495	
669	582	537	478	652	430	653	536	
421	509	575	659	492	631	576	519	
427	628	541	480	439	655	529	619	
518	561	659	416	551	479	599	662	
444	513	570	602	524	413	463	475	
648	473	636	422	442	636	545	485	
627	576	416	635	501	647	621	558	
429	596	481	523	554	450	492	614	
594	450	535	636	649	454	457	531	
552	601	641	498	459	606	524	588	
415	545	444	503	469	580	634	532	
538	610	429	480	659	507	664	568	
509	648	434	566	643	664	491	474	
657	578	467	465	671	557	463	629	
635	668	411	581	579	498	669	410	
516	446	597	651	613	545	478	667	
495	595	556	501	612	460	630	418	
652	492	425	561	669	437	635	576	
467	561	617	552	660	534	419	515	
577	527	465	644	586	484	651	419	
601	501	435	553	569	646	442	441	
606	503	668	545	608	408	506	420	
516	601	424	629	510	636	437	428	
610	461	556	648	488	526	663	607	
524	655	443	507	486	591	407	638	
651	413	595	488	490	661	609	443	
451	665	524	598	481	407	653	585	
505	602	423	657	504	408	607	544	
605	430	494	535	543	421	590	645	
414	602	426	490	464	508	593	421	
433	667	669	591	455	568	622	654	
543	492	620	611	440	494	561	662	
546	408	503	633	589	520	473	666	
666	410	528	516	479	664	496	609	
469	590	660	559	655	454	507	561	
606	519	417	433	536	588	631	434	
578	479	522	632	465	533	645	522	
660	438	544	644	650	650	440	513	
596	502	649	437	621	459	612	664	
586	497	640	442	661	445	578	629	
483	537	430	657	642	443	671	564	
600	666	537	472	427	522	597	471	
521	627	430	670	624	459	572	426	
553	447	664	589	586	646	494	434	
519	608	418	636	420	582	526	503	
590	424	510	494	518	646	413	616	
566	433	637	464	620	535	667	457	
602	633	526	455	487	665	567	575	
643	450	451	659	643	432	520	536	
511	597	668	448	511	657	589	409	
