L1	L2	L3	L4	R1	R2	R3	R4	
416	507	602	669	490	415	637	543	
570	634	410	527	641	415	585	511	
451	508	544	636	613	485	668	553	
436	495	535	600	407	555	459	651	
649	578	540	593	549	448	565	506	
627	505	529	452	565	546	502	437	
663	444	535	625	658	454	503	513	
417	635	530	494	464	598	613	531	
419	579	505	642	461	647	410	534	
653	422	560	497	501	662	585	536	
439	604	544	655	474	604	646	543	
453	655	671	595	411	559	473	624	
548	411	462	645	424	504	583	633	
439	644	509	563	600	535	454	647	
460	655	517	592	489	584	445	658	
605	450	629	454	619	471	554	429	
595	499	465	650	495	459	609	409	
488	615	649	416	442	471	631	516	
539	453	493	413	513	453	627	535	
436	647	554	494	593	527	446	537	
589	477	424	669	573	518	496	424	
449	526	610	655	575	470	437	633	
663	490	536	594	647	524	428	617	
434	507	609	672	523	654	431	478	
475	527	410	627	507	576	474	416	
663	420	455	539	568	628	452	409	
672	428	491	560	498	566	609	646	
631	481	544	429	450	576	643	469	
666	583	661	455	425	640	541	495	
614	475	414	535	666	417	573	486	
442	537	592	648	565	429	503	472	
655	608	471	509	566	441	588	624	
527	663	617	420	585	458	458	522	
655	541	427	481	489	626	440	538	
455	593	525	470	430	643	558	648	
648	411	564	513	424	498	547	632	
630	565	514	664	669	482	444	566	
529	660	624	552	615	510	553	427	
599	463	659	511	576	657	512	636	
499	594	435	651	563	464	474	605	
563	669	519	443	671	589	408	465	
511	574	494	434	509	454	655	591	
441	540	671	625	555	641	547	419	
515	607	658	460	662	480	407	617	
618	478	659	525	506	464	672	613	
439	567	497	659	458	593	446	556	
517	448	661	601	498	590	469	410	
541	493	448	657	611	518	465	578	
622	509	411	546	551	463	644	489	
429	500	442	642	502	581	428	638	
542	556	621	418	533	599	667	469	
563	499	441	647	631	495	551	453	
442	596	669	536	544	443	619	666	
632	570	417	522	613	489	554	457	
480	666	609	550	489	407	592	667	
515	463	452	672	432	570	596	517	
637	584	498	458	412	470	607	467	
594	667	439	516	426	492	607	641	
495	605	663	556	566	498	522	456	
635	523	475	632	517	625	415	672	
617	547	421	465	551	433	439	496	
664	542	460	407	582	513	576	638	
525	640	429	472	579	443	658	624	
661	433	552	649	654	443	517	582	
489	639	416	549	480	634	575	425	
574	483	669	441	571	610	499	668	
656	503	440	615	655	555	467	438	
526	426	654	596	559	473	559	417	
616	423	479	538	507	643	447	580	
533	658	478	436	433	550	620	509	
649	496	600	422	549	437	609	495	
597	485	542	542	462	523	419	618	
467	591	546	419	486	584	646	429	
669	529	624	412	511	415	672	658	
452	633	575	600	422	482	650	600	
638	510	592	457	430	670	558	619	
646	420	549	654	625	417	495	556	
474	636	569	642	650	491	582	415	
517	460	602	548	578	533	481	601	
602	565	443	505	608	547	646	551	
670	496	436	587	644	569	465	496	
590	499	562	440	642	457	518	638	
552	444	643	501	622	555	420	494	
439	468	603	663	422	589	507	651	
534	411	614	671	639	430	584	482	
413	644	485	546	441	517	660	559	
421	485	539	589	575	446	507	668	
450	581	517	660	587	525	436	417	
467	435	546	624	592	521	408	489	
601	511	429	549	573	427	626	644	
504	415	572	663	632	512	464	576	
494	423	570	632	571	409	660	460	
634	559	451	487	566	426	484	607	
577	515	409	467	639	407	492	537	
476	672	410	464	536	444	607	664	
560	454	603	659	455	609	560	637	
426	659	591	504	549	460	438	667	
418	522	613	452	437	637	670	551	
484	597	414	665	534	633	566	473	
634	521	576	456	449	522	519	640	
632	417	585	526	661	558	650	424	
420	501	668	537	498	614	429	535	
583	450	512	671	470	618	475	526	
540	430	667	479	637	538	448	560	
656	555	483	572	646	457	416	538	
442	521	665	627	485	645	419	554	
658	489	416	515	565	477	638	425	
479	518	421	635	515	582	634	667	
639	518	443	553	476	641	436	541	
520	577	652	423	460	510	597	661	
461	556	413	626	623	480	530	451	
409	484	563	542	487	572	421	672	
491	586	665	409	654	491	604	540	
652	542	446	604	490	413	535	657	
638	668	424	515	462	607	537	410	
502	448	649	586	437	603	536	428	
618	449	508	669	623	481	519	442	
516	410	635	467	554	481	528	428	
514	616	540	443	607	662	426	533	
595	541	535	638	650	549	623	410	
555	607	618	536	493	593	599	474	
618	537	436	580	588	510	649	424	
459	648	419	599	446	660	557	424	
575	493	667	414	643	529	428	596	
634	546	487	602	460	631	575	550	
510	626	638	445	548	669	492	600	
408	594	527	671	482	608	432	526	
438	637	546	668	540	471	409	649	
591	478	535	462	487	667	613	423	
523	457	608	527	458	653	537	569	
424	602	452	526	453	524	637	589	
550	425	466	606	668	578	465	417	
513	660	427	604	610	534	667	466	
612	485	445	563	655	589	534	433	
612	623	430	421	529	428	496	618	
484	475	638	663	410	419	472	600	
658	558	461	511	669	633	422	497	
542	594	456	508	663	607	528	466	
648	413	587	562	507	452	651	594	
574	507	424	630	411	561	423	637	
445	524	587	657	672	432	582	422	
438	519	600	542	443	579	499	616	
561	480	637	536	425	628	409	539	
605	508	649	431	641	434	487	576	
629	595	449	557	635	445	506	657	
650	551	620	425	510	535	633	574	
548	454	598	654	637	411	539	640	
413	582	653	486	586	438	494	649	
432	489	407	581	613	477	664	544	
542	539	416	465	484	576	655	433	
633	419	512	633	552	471	627	523	
614	412	502	547	512	566	634	420	
656	458	538	592	574	459	448	616	
593	528	442	608	648	570	507	625	
662	624	536	528	584	670	482	522	
517	557	443	620	494	614	433	568	
638	586	422	522	507	540	619	407	
508	652	630	427	564	448	629	618	
631	458	669	525	451	600	409	665	
454	575	663	512	476	662	554	541	
607	556	457	529	446	655	514	561	
573	502	540	407	613	561	476	441	
564	408	479	653	408	623	485	563	
476	600	579	496	658	492	553	667	
669	430	593	543	553	541	608	469	
541	596	488	411	553	410	485	578	
657	592	412	519	411	592	658	509	
520	432	490	567	475	535	630	416	
478	426	547	572	415	616	651	527	
640	428	464	623	647	557	440	491	
623	560	584	432	517	513	663	614	
495	540	438	608	565	438	513	666	
500	553	599	657	579	409	410	495	
651	608	433	502	433	614	462	546	
585	489	424	641	472	544	671	609	
423	618	660	558	626	428	479	622	
559	505	432	576	497	569	653	591	
423	532	623	589	410	593	549	481	
570	539	425	597	558	494	420	648	
422	577	409	483	556	654	418	466	
434	658	588	541	411	609	661	546	
496	433	552	667	540	655	434	491	
407	507	654	606	511	501	428	641	
429	583	496	652	658	665	536	503	
497	468	659	605	518	571	432	610	
536	580	468	407	453	642	567	511	
596	494	427	553	457	557	440	642	
611	536	466	590	483	609	429	632	
516	592	411	653	419	656	512	495	
621	433	543	525	547	606	427	642	
573	470	529	659	618	571	495	461	
631	527	631	473	644	516	445	577	
640	595	444	446	518	671	613	436	
500	409	650	543	570	448	639	415	
634	514	563	446	458	443	594	658	
479	635	514	597	535	440	658	460	
504	548	639	475	602	486	416	415	
532	658	463	619	470	573	658	511	
654	471	563	409	562	645	508	649	
597	494	647	566	597	536	475	657	
663	414	442	518	503	592	451	575	
529	628	486	437	550	664	462	583	
669	553	580	614	495	444	524	616	
436	652	570	511	642	541	586	453	
510	567	433	622	507	630	437	524	
519	421	484	586	627	531	416	650	
502	428	565	639	453	651	563	652	
489	563	574	620	620	502	416	665	
449	605	474	655	629	549	512	452	
430	639	514	525	436	656	576	412	
628	562	565	437	510	432	592	652	
493	423	547	636	658	515	452	597	
468	575	663	622	590	662	538	452	
653	486	595	423	515	605	488	662	
643	426	527	627	477	638	567	437	
470	583	661	538	603	407	617	510	
566	429	654	605	583	634	445	527	
544	446	661	612	528	634	444	672	
523	565	671	429	548	488	608	425	
510	575	636	425	505	448	660	557	
550	663	471	525	549	430	489	605	
474	538	672	572	463	514	600	649	
571	482	668	507	620	513	453	574	
641	576	504	416	596	452	422	548	
496	569	634	474	625	604	533	408	
597	657	459	539	483	582	409	628	
596	474	661	479	500	636	580	656	
603	488	665	545	586	500	671	451	
548	672	465	610	584	471	416	658	
557	652	432	474	588	600	652	490	
468	543	623	421	638	508	566	428	
435	508	592	413	661	483	588	577	
635	530	421	539	566	518	624	423	
415	625	499	570	526	638	423	579	
578	477	445	653	565	443	621	621	
545	408	599	647	425	562	602	505	
563	449	637	481	666	558	425	474	
530	529	440	611	486	646	434	556	
634	436	495	447	513	468	578	615	
493	595	635	500	466	526	605	549	
455	562	626	450	582	444	495	655	
433	501	640	475	526	612	476	611	
557	602	437	659	412	624	557	670	
562	643	479	419	509	575	413	639	
632	579	512	667	498	660	409	559	
610	469	518	424	480	474	627	549	
484	606	488	658	432	593	471	546	
640	432	585	455	466	620	517	569	
668	449	503	588	514	580	460	632	
643	440	504	589	615	491	672	661	
481	667	543	628	567	457	629	497	
478	555	621	411	650	493	582	419	
472	536	605	634	468	538	633	413	
658	570	443	627	512	568	623	427	
604	622	439	520	628	567	456	420	
552	657	433	507	417	545	491	610	
411	475	512	640	556	457	658	510	
509	605	423	460	496	630	582	459	
527	651	445	409	645	488	599	411	
643	528	558	484	597	662	583	434	
456	574	633	481	542	411	423	637	
665	485	409	587	534	602	443	652	
610	550	489	409	540	417	415	594	
432	488	557	651	560	651	465	575	
654	498	440	553	569	474	474	668	
599	426	669	531	529	467	614	411	
595	533	423	474	514	581	632	413	
653	421	497	628	434	619	519	521	
549	642	672	443	548	428	643	503	
545	630	473	420	486	577	602	659	
521	593	468	671	664	438	601	516	
471	654	542	414	548	656	462	603	
624	569	495	548	528	611	491	539	
664	445	452	526	432	493	565	649	
515	466	585	672	447	505	596	643	
528	635	599	419	611	479	420	598	
427	487	591	578	486	421	534	655	
530	656	559	423	437	556	626	660	
567	430	623	508	550	663	484	619	
597	671	642	442	581	582	475	659	
584	460	424	516	540	581	470	671	
435	513	655	597	611	546	455	649	
493	425	654	584	644	502	599	434	
424	648	593	567	646	507	586	441	
573	442	484	636	465	531	417	654	
539	559	428	613	499	574	592	421	
569	513	654	425	649	564	486	429	
634	559	434	485	493	637	635	417	
654	418	562	597	493	472	566	432	
666	537	460	592	440	502	661	636	
511	419	436	570	635	565	438	455	
610	472	652	582	510	557	612	407	
418	427	585	510	475	596	567	662	
417	656	491	544	593	442	645	411	
564	486	667	494	655	582	495	410	
482	485	549	546	594	543	633	520	
657	652	508	425	428	589	514	653	
572	513	429	642	525	413	656	586	
636	551	448	507	581	442	520	644	
549	419	670	634	458	548	419	625	
503	647	523	575	420	609	496	578	
616	534	438	670	618	484	566	431	
419	624	489	552	651	502	543	444	
506	617	410	608	445	647	666	500	
581	523	581	658	497	452	648	549	
475	570	450	407	608	497	665	441	
481	606	658	547	487	616	438	554	
650	554	429	487	457	659	556	616	
514	661	426	605	579	672	445	667	
667	601	456	414	503	602	425	660	
661	538	414	593	534	430	439	514	
509	487	671	569	448	584	585	667	
648	581	498	615	648	479	425	552	
428	579	555	652	469	641	569	419	
487	567	436	645	484	652	534	663	
555	466	563	640	478	619	545	410	
511	451	589	536	499	634	444	577	
453	410	537	621	463	668	615	614	
433	578	436	508	566	465	556	427	
435	516	595	665	412	515	670	456	
605	435	573	500	652	463	562	524	
461	556	576	614	566	410	537	590	
563	625	489	412	598	499	455	632	
596	512	408	482	470	566	658	422	
626	489	535	562	556	657	462	659	
539	453	604	457	607	528	420	468	
503	430	633	566	624	519	426	597	
471	617	542	426	530	621	422	467	
669	539	472	565	463	605	535	619	
558	460	448	565	526	473	637	418	
493	583	654	411	455	602	658	541	
483	660	589	531	635	562	439	524	
460	516	635	408	545	449	593	666	
470	413	552	658	590	481	641	432	
419	523	601	651	442	591	566	531	
451	639	586	477	626	498	520	425	
557	628	507	440	430	566	517	429	
430	511	609	663	598	534	471	430	
422	537	652	534	438	423	556	642	
547	463	596	502	411	460	612	646	
583	494	658	441	445	495	553	646	
650	501	561	432	423	513	589	659	
578	412	466	623	626	420	524	500	
419	557	609	483	481	660	596	422	
566	444	620	515	429	476	552	663	
577	669	643	428	649	525	474	548	
526	612	657	472	547	412	474	636	
586	660	458	518	423	521	645	575	
588	513	570	510	668	468	599	542	
523	651	420	589	447	523	662	574	
671	419	474	619	581	456	641	573	
618	651	430	545	463	582	530	409	
448	587	648	573	597	553	476	527	
642	531	561	451	454	591	543	612	
453	595	532	667	642	475	423	575	
612	535	495	645	549	584	482	427	
432	547	492	672	627	633	504	448	
600	442	647	408	582	463	569	660	
455	417	502	650	456	598	574	514	
558	455	616	506	594	666	421	510	
457	560	639	613	407	615	545	665	
614	487	430	527	586	425	442	497	
506	603	649	423	593	645	521	465	
551	639	592	420	592	664	533	453	
664	581	486	432	504	651	541	448	
428	527	618	670	508	604	450	593	
641	548	629	416	505	594	652	450	
656	640	482	449	433	563	658	507	
517	627	451	473	612	431	539	496	
608	667	411	541	442	580	496	544	
610	470	409	671	524	458	587	579	
623	439	488	541	534	593	473	637	
654	577	549	451	660	484	578	423	
437	467	519	619	585	479	656	529	
461	579	668	492	530	616	410	661	
640	578	452	581	484	569	607	448	
414	491	560	595	671	478	442	635	
560	662	410	491	520	411	662	596	
667	556	407	498	667	580	414	517	
585	431	497	643	639	498	437	411	
494	569	416	586	511	607	424	468	
663	429	537	653	605	441	658	521	
491	643	577	407	553	417	608	484	
431	537	666	561	450	656	542	603	
409	538	614	656	649	562	470	437	
442	637	482	507	436	496	655	543	
417	493	622	569	543	416	593	665	
509	659	592	454	622	422	514	671	
619	531	452	495	655	503	584	457	
583	643	508	463	456	543	608	664	
420	548	594	464	459	408	554	603	
515	569	446	611	575	416	462	538	
467	615	546	417	650	536	596	448	
485	416	631	552	652	502	594	416	
623	461	488	539	664	595	507	452	
424	660	567	499	469	541	657	632	
441	547	647	646	624	408	668	527	
643	601	499	448	611	548	482	660	
564	612	670	494	620	463	542	578	
533	467	609	662	518	426	608	488	
593	409	634	482	438	490	581	638	
499	571	478	413	604	477	444	652	
511	442	569	568	623	529	464	534	
450	546	591	505	489	669	408	606	
511	456	535	647	509	434	632	574	
594	431	499	656	589	436	666	542	
552	482	651	407	467	653	568	441	
541	407	672	489	598	407	498	422	
662	504	660	579	655	458	515	572	
540	483	621	630	640	575	491	421	
472	577	631	460	429	512	436	654	
429	457	509	583	475	501	625	561	
462	603	648	516	556	487	660	407	
483	566	617	435	621	510	650	564	
516	641	472	586	443	621	520	557	
428	509	651	555	505	607	464	416	
600	548	662	465	638	484	670	533	
660	584	468	523	505	672	668	589	
540	637	455	436	557	550	479	659	
568	460	652	451	443	574	663	614	
411	545	647	488	596	429	486	646	
445	541	631	554	522	473	666	409	
479	556	421	609	582	422	540	626	
432	526	620	641	413	506	650	560	
498	609	530	671	658	523	628	454	
553	424	503	622	579	429	597	655	
444	488	651	558	622	497	572	522	
524	652	423	584	597	485	534	672	
628	568	472	642	517	663	547	603	
451	645	600	520	455	533	652	601	
435	569	512	662	510	426	669	561	
518	422	632	431	517	669	441	642	
600	489	654	550	567	503	604	660	
538	483	494	414	456	669	615	505	
425	494	608	468	611	556	419	456	
445	657	613	485	631	523	479	428	
570	448	619	665	601	576	423	529	
556	602	473	658	660	502	599	444	
443	454	587	656	437	522	494	611	
610	518	464	408	645	502	432	564	
455	507	561	612	459	515	580	642	
636	424	514	575	434	662	530	622	
444	591	519	652	602	496	672	644	
473	667	409	538	654	597	487	657	
436	567	513	658	539	617	664	419	
457	539	408	455	602	657	533	481	
521	584	641	462	608	527	476	631	
602	537	408	663	450	590	574	480	
504	654	460	613	435	527	639	611	
672	426	516	620	635	483	576	426	
654	471	581	527	530	409	468	654	
445	637	557	514	540	407	490	617	
659	493	407	573	493	672	429	604	
415	543	529	454	469	563	671	505	
476	560	620	486	483	567	666	412	
432	497	608	525	444	601	528	500	
475	645	532	539	476	435	631	561	
607	659	529	409	422	483	582	659	
620	495	646	537	646	427	559	473	
588	666	457	466	565	429	496	653	
425	643	469	545	539	424	592	476	
564	496	654	475	604	472	543	648	
660	482	559	602	411	502	614	473	
664	610	504	408	472	451	659	557	
631	545	439	495	633	530	595	455	
515	598	600	455	659	557	476	416	
608	559	503	434	547	667	543	454	
588	661	652	505	439	652	583	507	
515	449	578	658	451	503	412	647	
521	468	627	473	564	525	662	462	
559	428	486	672	597	503	645	411	
521	643	448	579	672	417	471	549	
566	412	631	483	421	641	504	526	
534	433	635	429	592	664	487	429	
509	426	592	659	544	597	486	421	
608	408	501	453	491	611	448	635	
538	636	661	493	525	627	587	411	
558	426	603	409	513	595	461	411	
635	475	453	533	462	618	537	411	
629	430	585	545	608	511	448	660	
573	420	619	487	530	600	466	407	
663	582	510	462	531	616	468	670	
409	475	587	635	463	540	662	622	
565	640	439	511	585	454	505	529	
565	493	604	413	499	667	574	457	
525	483	670	598	602	445	538	640	
642	443	493	590	425	630	458	529	
419	517	592	522	450	474	411	603	
636	546	458	565	650	444	496	548	
440	579	460	647	410	436	633	556	
617	468	538	669	539	618	479	631	
632	497	447	565	422	640	634	472	
560	624	416	500	482	624	518	578	
667	541	612	479	538	416	477	646	
658	589	578	482	522	649	579	460	
441	561	662	603	504	612	427	666	
596	505	646	408	593	481	635	410	
443	623	518	672	552	456	630	411	
596	504	427	669	545	418	516	608	
651	511	416	544	495	548	652	451	
645	581	433	530	542	627	646	467	
456	600	535	561	574	671	417	495	
533	602	467	660	447	513	595	653	
444	583	651	536	540	635	599	430	
524	452	419	576	459	511	578	642	
567	605	414	641	491	607	562	429	
609	479	419	539	409	611	493	578	
634	421	597	522	426	486	623	670	
585	439	528	575	515	652	466	410	
441	616	503	548	524	461	578	657	
662	539	472	595	497	459	656	410	
472	588	461	528	511	573	444	547	
493	456	587	652	635	518	558	611	
581	410	512	576	636	422	477	540	
611	667	447	515	454	548	641	600	
422	517	431	566	573	534	471	601	
637	510	410	561	578	440	669	502	
501	606	443	591	662	471	574	481	
619	559	478	434	467	513	642	417	
499	569	645	427	584	668	496	586	
573	434	658	455	529	420	643	473	
514	671	412	606	420	544	667	595	
583	430	623	495	476	590	658	661	
655	594	433	539	588	654	531	479	
583	502	468	420	651	534	410	474	
526	589	659	512	613	527	476	417	
571	623	407	477	644	465	416	563	
452	522	516	575	636	514	574	490	
459	637	542	657	462	584	535	535	
629	416	509	563	457	584	523	671	
511	647	454	617	457	660	646	578	
431	632	502	561	583	647	491	527	
658	476	441	594	560	603	423	427	
581	516	635	417	658	540	409	451	
491	600	415	657	469	542	618	457	
602	464	557	410	564	407	447	502	
411	464	650	568	540	582	455	668	
566	487	638	549	423	434	575	547	
650	446	534	659	594	505	425	668	
468	411	572	672	485	478	638	408	
594	662	516	416	655	594	516	458	
569	601	440	512	491	593	536	455	
425	620	589	519	479	660	571	411	
597	639	522	465	466	594	526	618	
560	603	523	408	569	410	523	480	
592	470	541	526	452	509	627	443	
468	539	412	482	426	409	542	645	
457	568	489	639	498	610	661	445	
560	433	621	671	468	581	660	524	
553	639	493	619	458	535	525	602	
528	665	501	424	621	663	515	409	
639	549	429	479	566	469	475	419	
640	412	502	502	588	520	668	463	
434	623	604	545	480	546	625	572	
551	599	437	603	545	634	480	587	
608	482	652	566	659	522	547	612	
624	481	672	543	506	444	656	572	
591	439	417	662	664	458	519	563	
443	640	504	420	509	653	419	569	
603	414	502	648	456	535	618	672	
447	574	647	520	458	511	568	645	
434	537	634	497	488	410	618	555	
614	523	669	461	528	412	599	499	
613	474	417	527	583	452	665	532	
472	631	645	517	535	424	669	614	
561	483	423	599	656	467	608	408	
474	602	519	422	461	527	617	639	
437	656	535	636	485	540	432	593	
446	561	635	536	471	628	539	668	
661	416	423	504	501	628	417	666	
526	583	663	456	466	539	618	602	
653	598	434	637	581	430	503	634	
653	538	494	466	583	444	507	530	
633	660	422	598	466	625	575	419	
411	473	567	641	663	493	605	552	
665	509	454	450	531	660	656	591	
606	667	500	514	448	548	614	653	
571	503	639	426	445	563	585	501	
420	572	438	482	653	474	628	417	
570	607	429	657	527	425	631	477	
577	422	479	662	600	435	505	672	
460	588	636	526	415	570	518	632	
597	653	433	478	408	508	578	423	
533	480	452	602	642	426	512	564	
583	452	466	523	641	422	541	493	
460	651	581	519	440	603	612	503	
549	593	414	667	648	458	584	554	
643	433	473	525	571	606	665	447	
457	425	613	481	489	579	661	612	
599	513	446	419	530	590	502	464	
458	420	592	535	518	586	440	634	
504	478	442	572	449	432	511	589	
588	647	532	519	635	549	409	662	
547	408	669	615	655	457	574	432	
546	607	480	650	559	608	488	665	
519	665	465	607	579	648	420	494	
451	506	618	670	614	466	664	540	
622	418	501	573	422	662	486	562	
619	563	435	606	511	423	622	514	
445	563	656	625	521	472	598	550	
453	623	411	533	651	511	421	611	
614	569	510	542	457	643	650	548	
653	622	507	597	510	629	623	560	
469	666	414	523	505	650	529	576	
528	576	660	476	574	604	498	668	
474	666	602	530	407	532	649	546	
568	518	436	614	572	639	460	419	
566	631	655	502	499	435	542	644	
609	661	535	475	515	604	457	587	
633	561	454	456	527	568	651	446	
424	639	513	591	583	658	490	444	
513	581	450	636	465	474	667	582	
660	542	600	475	486	633	543	413	
465	589	541	421	501	631	425	548	
669	456	613	542	541	474	597	428	
510	423	648	441	606	488	420	546	
640	507	583	450	427	665	540	565	
574	413	475	588	566	451	665	622	
517	574	651	454	425	660	554	611	
613	504	601	672	412	408	485	615	
619	516	449	573	505	480	560	577	
658	571	531	432	612	556	456	630	
670	413	595	606	468	607	576	422	
662	651	534	462	465	413	671	612	
444	504	608	428	618	474	561	442	
512	435	639	619	622	524	575	661	
465	652	568	414	429	662	585	559	
425	672	522	532	424	496	441	645	
647	465	554	408	638	490	550	455	
466	632	532	410	465	584	489	409	
554	662	427	491	522	433	643	656	
554	433	630	495	588	466	559	644	
586	665	435	479	486	592	536	442	
505	654	428	632	469	526	579	436	
610	502	418	501	491	544	587	470	
581	490	407	424	457	582	652	476	
659	449	580	517	417	469	547	614	
448	507	566	412	587	415	517	553	
591	520	661	472	432	472	661	599	
561	585	639	434	428	520	599	655	
650	487	572	444	551	615	653	559	
650	529	457	428	432	520	628	507	
649	430	530	650	485	545	626	547	
635	530	569	420	531	448	625	632	
439	614	533	664	484	424	566	570	
423	486	622	561	505	634	552	433	
627	555	486	531	588	444	629	578	
427	513	667	627	593	667	506	411	
591	526	447	648	625	429	537	513	
661	579	460	532	456	670	538	628	
505	526	418	614	558	440	507	652	
550	662	638	418	474	607	537	660	
593	435	520	652	532	632	585	560	
487	523	434	602	545	489	617	564	
612	441	492	669	468	591	665	411	
431	533	623	451	559	653	482	417	
514	607	664	569	654	552	447	606	
594	441	559	503	498	433	569	508	
598	484	543	443	417	469	605	641	
658	594	413	484	575	472	649	410	
627	565	426	502	611	522	489	664	
449	590	540	647	583	440	472	636	
660	535	619	509	606	436	472	646	
552	436	506	639	645	411	496	525	
567	625	480	407	604	417	558	496	
460	661	572	513	570	427	552	606	
658	447	604	513	597	469	660	531	
573	672	504	472	550	481	596	456	
634	669	577	525	566	655	437	510	
518	594	518	415	633	534	436	613	
608	458	549	502	472	643	574	525	
635	598	516	409	576	641	514	435	
469	624	412	538	500	577	420	633	
574	641	481	482	481	441	638	507	
538	598	409	466	660	586	436	611	
671	595	500	471	486	621	542	458	
454	586	499	578	569	434	538	633	
567	427	476	494	656	568	413	512	
591	664	425	491	459	662	547	422	
618	467	564	505	634	548	426	486	
652	522	638	450	472	643	453	564	
634	592	477	522	655	417	589	483	
589	500	664	421	455	646	539	427	
671	462	588	415	631	503	417	459	
576	471	434	657	489	553	413	610	
576	448	515	668	649	437	493	555	
484	641	529	592	623	453	663	455	
596	468	418	561	530	413	603	499	
564	437	495	640	476	667	570	411	
473	602	486	528	552	672	433	614	
511	657	432	564	501	419	531	661	
532	641	459	589	670	620	504	407	
443	580	615	517	456	661	587	516	
482	478	599	552	492	420	561	623	
484	620	485	539	556	584	497	427	
521	467	640	575	586	451	493	620	
407	525	598	464	595	640	492	438	
532	594	491	415	655	481	575	522	
509	459	629	557	565	627	456	452	
658	574	468	416	447	528	625	576	
443	436	660	566	565	643	508	449	
666	428	560	442	408	576	617	517	
510	628	462	569	625	412	493	636	
594	508	433	417	498	448	525	626	
451	567	598	635	662	588	449	562	
446	593	519	660	532	602	639	655	
517	664	659	440	429	598	624	511	
543	664	480	431	498	554	558	430	
625	520	451	446	475	653	581	506	
413	663	497	538	575	448	504	634	
564	495	420	650	582	476	407	456	
553	493	592	431	651	580	432	487	
433	520	549	628	600	414	472	546	
671	514	590	453	617	592	487	670	
537	412	474	645	662	564	421	496	
574	415	504	640	544	643	553	497	
552	617	426	431	560	658	490	411	
606	447	524	659	641	425	653	515	
555	547	490	665	650	487	596	412	
457	503	632	408	470	510	609	652	
440	625	561	656	620	514	466	411	
450	408	514	568	620	623	499	543	
434	606	520	616	602	664	441	558	
508	551	416	655	477	424	578	615	
470	596	528	434	449	598	521	522	
507	542	599	613	535	477	581	663	
655	472	518	582	669	632	408	504	
495	670	589	423	656	410	458	551	
477	599	569	426	483	518	568	665	
417	489	573	637	547	600	474	460	
562	466	649	409	574	649	661	468	
489	541	426	640	471	551	620	431	
578	457	519	650	409	596	550	466	
559	477	425	525	521	654	591	457	
639	511	435	642	542	419	626	448	
538	491	660	607	667	490	590	510	
510	669	410	454	595	530	468	666	
444	575	553	650	638	420	625	567	
551	443	660	593	474	556	414	666	
411	490	554	452	649	581	538	415	
607	515	461	577	656	451	565	593	
621	591	466	565	453	427	533	642	
658	479	472	597	465	524	625	515	
653	517	422	487	558	492	424	632	
660	552	596	501	482	412	550	623	
539	471	419	620	592	527	429	439	
560	625	460	562	629	515	451	574	
521	541	429	604	588	446	517	665	
508	583	460	430	473	660	572	488	
450	595	540	412	633	546	570	464	
420	664	494	545	417	562	650	462	
635	503	582	440	487	643	412	586	
581	410	494	517	435	659	580	626	
477	415	600	666	600	464	534	407	
427	425	667	499	549	665	616	454	
487	539	658	422	549	421	436	554	
672	580	456	630	492	636	568	432	
579	457	471	589	574	645	407	492	
447	501	553	649	625	562	408	444	
460	508	576	426	655	439	516	503	
550	611	450	668	523	672	609	430	
465	586	507	669	525	655	648	451	
612	525	479	413	481	546	655	657	
502	568	416	637	488	654	575	426	
658	582	477	537	612	457	529	422	
483	560	638	435	411	594	650	441	
595	669	613	440	666	564	448	600	
501	424	595	655	670	548	496	618	
566	648	493	576	532	590	642	472	
610	621	470	569	623	558	501	556	
441	526	531	573	415	563	542	475	
523	609	532	456	541	623	440	579	
520	417	466	598	573	410	671	490	
595	505	466	657	462	592	420	647	
622	672	532	411	546	661	441	615	
558	627	489	417	660	446	599	430	
583	472	663	531	566	564	670	509	
518	643	451	607	648	514	577	449	
506	640	563	424	469	606	555	425	
499	597	412	662	425	541	662	465	
541	548	668	459	662	589	436	516	
622	556	551	496	591	457	407	666	
530	631	413	488	590	429	559	530	
425	451	591	656	520	435	669	583	
665	515	652	592	519	587	429	467	
513	661	570	447	450	660	596	666	
538	631	459	498	628	430	529	527	
642	407	457	482	508	574	412	663	
616	513	434	490	621	549	613	458	
504	603	642	408	555	634	440	490	
458	592	671	596	568	520	587	466	
445	575	632	521	640	541	451	586	
546	503	609	512	633	564	486	446	
614	460	587	533	627	536	420	473	
479	423	616	563	427	528	660	566	
599	525	455	657	422	507	637	502	
456	588	464	512	662	431	623	492	
426	606	609	478	421	522	643	595	
437	493	553	411	449	451	635	520	
595	446	653	640	547	487	625	537	
429	560	617	501	556	438	623	510	
450	502	621	557	650	545	440	604	
638	412	506	569	455	575	669	514	
427	625	549	463	416	636	551	510	
670	624	479	587	618	448	552	654	
656	641	567	409	672	464	597	412	
587	668	456	525	523	647	649	467	
667	582	476	651	671	520	618	583	
453	511	590	433	486	581	533	596	
526	659	590	440	627	481	549	427	
469	579	651	407	485	608	537	641	
453	591	646	447	553	424	489	650	
649	428	446	534	600	493	431	530	
578	464	523	654	464	607	667	458	
578	408	465	652	469	514	589	418	
578	485	416	423	659	543	640	465	
665	588	527	420	632	460	589	661	
423	529	479	408	634	432	529	572	
478	575	522	409	423	595	650	482	
584	668	490	536	513	670	422	571	
584	494	598	664	490	563	441	625	
670	613	497	448	622	569	461	672	
660	601	458	531	526	437	591	425	
523	491	585	454	663	613	539	474	
545	485	472	610	568	592	624	495	
535	510	647	432	584	659	523	424	
643	670	583	566	451	554	546	501	
444	611	533	611	509	411	621	632	
634	556	425	571	590	668	518	413	
519	582	419	647	412	657	441	559	
441	492	582	606	547	468	611	658	
650	513	449	569	594	559	416	533	
455	539	658	626	470	520	655	568	
514	624	653	415	443	671	407	612	
551	616	478	430	637	553	441	422	
513	652	427	575	581	649	418	521	
528	589	590	641	493	569	502	652	
564	542	611	452	556	659	471	417	
651	658	516	457	559	442	556	647	
540	455	431	639	660	460	495	621	
412	590	486	534	661	522	474	640	
574	428	654	465	596	664	558	503	
498	409	429	598	565	436	628	456	
656	513	622	418	554	657	566	483	
519	530	456	639	653	546	442	577	
579	463	648	521	628	551	407	495	
599	636	551	456	597	536	452	650	
670	489	528	421	505	430	514	657	
629	513	638	573	488	578	639	414	
567	417	411	499	485	604	653	552	
669	441	594	496	412	606	556	479	
443	525	593	411	430	495	619	556	
524	641	469	476	459	508	585	665	
574	435	650	437	661	535	468	416	
564	470	665	642	417	546	617	624	
468	524	585	657	428	481	593	660	
646	572	422	504	442	624	597	524	
661	539	466	591	601	581	457	486	
432	571	657	600	444	415	555	609	
457	522	636	555	502	632	414	672	
639	519	568	663	633	651	428	486	
655	502	575	614	408	649	521	595	
506	606	658	408	559	504	438	609	
637	587	658	455	526	608	421	476	
601	431	483	523	639	560	509	444	
410	621	535	591	536	441	567	633	
610	411	659	500	465	407	659	562	
657	595	458	511	428	500	635	549	
607	523	665	429	567	632	487	646	
514	444	593	640	643	466	572	523	
461	635	526	575	537	414	477	604	
672	418	562	616	523	596	661	426	
485	632	413	549	521	449	526	585	
426	586	635	440	561	511	660	446	
585	647	463	412	598	507	663	412	
441	497	571	641	597	491	621	439	
499	559	638	639	622	481	528	413	
475	523	597	618	472	523	576	626	
411	659	489	552	518	508	595	573	
514	670	568	488	583	508	639	455	
412	658	554	473	671	417	588	490	
478	563	628	535	475	407	557	572	
570	640	512	451	421	481	432	662	
570	503	645	425	476	511	418	574	
639	547	443	498	583	637	494	581	
503	539	439	599	580	439	650	528	
412	511	623	634	512	587	632	427	
607	423	542	582	425	600	658	476	
459	628	654	557	582	665	487	598	
592	408	503	432	536	656	429	519	
475	650	422	531	430	616	544	448	
617	495	410	567	576	505	660	451	
499	416	576	618	468	555	412	442	
639	571	579	468	441	588	491	662	
494	421	653	577	624	451	459	582	
603	542	440	671	602	423	532	459	
581	457	519	518	560	476	652	499	
487	575	407	423	542	461	595	652	
497	412	554	620	479	421	551	611	
606	483	505	539	470	666	617	436	
667	466	423	578	630	412	574	647	
461	516	663	592	511	415	656	586	
512	653	412	578	412	473	664	527	
505	569	447	658	418	490	643	609	
418	671	525	604	475	613	436	556	
515	454	586	667	638	580	419	479	
651	423	478	425	621	545	463	517	
527	666	439	611	599	422	515	652	
535	484	601	614	497	558	419	628	
430	493	602	667	474	609	569	654	
585	448	506	426	465	408	540	522	
502	614	538	450	531	483	660	421	
441	605	648	550	462	569	503	514	
481	646	414	621	617	568	450	412	
532	449	660	545	520	607	452	650	
455	601	520	632	472	573	422	517	
477	541	416	658	579	655	459	457	
476	557	636	460	415	496	602	577	
572	661	508	413	500	463	553	426	
489	566	648	408	514	636	650	443	
606	469	580	649	573	512	474	623	
630	537	425	413	454	648	540	491	
667	465	584	541	412	665	578	466	
621	436	564	667	624	526	584	418	
604	502	662	450	665	493	437	594	
576	458	506	639	604	436	650	594	
498	442	654	586	431	524	609	483	
584	491	439	428	634	553	502	415	
514	577	648	449	511	474	600	604	
562	493	434	486	521	559	660	414	
515	411	667	607	567	646	432	498	
626	610	555	467	460	574	592	668	
418	660	483	609	508	613	407	445	
407	524	606	659	506	633	589	506	
554	609	440	421	456	526	442	547	
666	491	576	414	510	577	417	630	
638	504	551	483	414	463	565	635	
591	441	515	410	557	584	436	647	
411	546	531	622	591	421	648	499	
552	592	648	672	558	655	602	455	
625	579	487	549	470	583	456	621	
532	669	460	577	545	490	417	588	
600	669	442	508	432	650	534	589	
640	503	575	615	449	662	586	416	
632	478	554	413	587	465	488	639	
418	653	420	672	528	490	545	638	
519	408	616	636	626	471	521	408	
587	660	407	491	439	503	668	585	
464	576	525	509	493	570	664	427	
615	450	544	598	462	519	509	651	
558	468	418	652	652	415	551	446	
520	589	441	647	638	538	589	434	
421	458	595	536	672	529	607	415	
659	615	423	524	503	425	624	572	
457	482	553	648	465	629	645	414	
512	535	431	646	407	593	492	606	
515	630	454	569	452	582	672	508	
478	610	410	532	460	601	548	655	
510	624	435	568	672	498	552	440	
489	410	629	483	502	662	420	571	
