L1	L2	L3	L4	R1	R2	R3	R4	
618	557	496	566	671	436	546	458	
410	484	664	632	565	448	652	532	
467	655	562	589	574	563	432	656	
663	507	598	443	412	613	502	563	
457	597	523	625	665	585	533	501	
633	432	578	415	546	431	438	668	
590	533	418	461	487	625	419	571	
493	515	638	432	531	445	660	604	
536	591	661	472	449	596	542	654	
623	540	449	497	455	530	586	452	
668	518	534	599	525	413	592	445	
503	626	659	565	661	568	412	667	
479	448	611	670	641	532	437	587	
616	504	666	549	590	521	662	426	
600	503	610	668	599	570	650	493	
421	511	610	431	557	596	663	419	
609	480	535	446	514	462	594	407	
468	580	511	649	410	586	527	648	
539	478	617	489	636	526	588	429	
554	583	519	415	462	542	645	510	
592	472	648	523	559	640	574	504	
450	595	667	466	532	583	653	507	
553	628	467	610	604	430	545	498	
440	486	568	628	436	595	635	516	
415	505	614	617	416	571	483	628	
598	667	521	442	580	619	415	474	
461	616	412	541	436	634	604	511	
592	500	652	411	431	616	492	602	
420	525	643	462	547	645	490	626	
667	578	430	529	654	587	500	422	
576	489	652	635	621	549	474	414	
592	656	432	527	564	433	490	639	
611	439	555	528	482	576	655	519	
465	581	524	658	619	659	562	407	
636	602	517	457	466	647	408	590	
425	533	655	641	537	604	637	454	
543	433	640	610	443	667	545	414	
654	575	653	457	534	612	424	489	
538	492	421	603	577	430	670	500	
617	557	497	429	453	580	478	508	
525	461	509	645	491	576	567	408	
582	657	454	648	474	526	668	423	
662	454	607	568	642	524	435	451	
590	425	661	507	591	432	672	526	
519	429	632	477	525	576	443	661	
493	553	452	639	591	670	473	623	
504	582	440	529	434	589	488	652	
435	569	572	639	467	607	542	671	
515	605	437	500	517	518	630	590	
585	445	496	658	566	625	427	492	
645	564	616	422	596	413	489	538	
608	550	435	493	552	647	468	547	
602	425	491	550	440	521	644	653	
627	539	434	508	618	533	424	463	
459	415	651	511	445	492	659	573	
463	672	598	505	643	419	481	547	
524	587	409	616	579	491	437	554	
518	416	640	451	456	523	578	650	
556	619	483	650	637	565	468	415	
597	523	651	473	564	632	428	479	
672	446	634	515	422	601	487	548	
582	447	510	644	575	664	419	462	
644	449	616	563	511	623	454	552	
449	495	600	536	516	407	655	583	
498	543	606	650	544	515	478	627	
467	567	667	410	639	579	437	494	
423	421	501	662	496	635	483	597	
505	634	441	651	582	459	641	592	
528	590	642	647	618	656	436	546	
666	573	444	570	660	517	588	487	
657	658	537	500	588	442	577	523	
622	438	574	528	603	529	474	415	
445	498	569	618	614	520	431	490	
487	643	628	565	477	545	581	422	
527	424	585	639	473	659	512	575	
526	631	417	424	551	436	647	468	
530	642	570	423	435	660	605	483	
425	543	461	625	426	560	650	507	
464	532	642	414	627	650	546	550	
631	495	435	562	617	614	478	548	
519	634	573	458	568	648	479	662	
447	450	502	624	474	669	632	576	
560	487	439	657	649	588	490	439	
597	440	522	664	655	526	503	585	
595	447	470	657	442	524	432	663	
457	551	607	434	667	478	527	478	
408	476	591	622	464	410	569	626	
658	550	416	485	642	440	515	571	
530	598	408	540	584	626	491	660	
660	419	446	597	476	634	612	557	
438	663	491	604	498	562	631	666	
475	533	639	590	467	605	518	667	
570	431	571	670	419	522	617	592	
511	625	568	518	535	467	411	486	
553	493	436	611	515	644	592	472	
567	423	631	494	653	422	536	474	
479	543	418	652	474	579	649	556	
482	610	643	415	669	567	613	501	
629	501	424	583	645	512	462	575	
664	524	418	602	463	433	655	551	
466	577	439	503	657	576	540	440	
617	515	609	475	423	498	555	667	
559	671	577	657	580	439	528	637	
654	450	537	619	628	458	442	559	
596	427	501	439	426	551	672	416	
586	538	412	520	665	449	613	508	
417	634	464	528	650	616	477	409	
618	473	439	671	595	460	433	519	
500	604	448	513	614	638	459	518	
656	598	564	519	624	543	441	489	
413	459	595	647	623	462	580	532	
420	653	593	495	632	533	661	425	
545	453	487	657	429	581	524	648	
623	422	487	577	418	604	669	651	
669	432	471	584	627	550	429	425	
456	411	550	648	663	555	500	530	
618	498	425	536	621	517	436	570	
552	614	496	515	642	560	664	514	
520	627	547	617	489	660	600	537	
457	571	638	626	468	629	578	439	
407	550	613	461	493	624	566	416	
420	534	521	608	490	434	636	568	
662	474	428	587	437	628	638	550	
521	588	422	496	562	472	669	423	
407	552	494	592	486	657	591	486	
578	504	407	480	648	553	512	418	
432	649	591	421	498	657	518	442	
566	615	427	666	595	454	617	651	
597	547	503	648	454	602	662	497	
662	484	457	528	450	614	515	660	
451	570	632	551	664	661	422	552	
654	570	570	493	420	498	409	582	
490	618	413	557	541	644	417	606	
485	549	661	604	487	520	662	568	
459	523	603	650	538	487	538	434	
636	560	491	661	616	469	638	553	
413	559	431	506	619	552	427	438	
421	545	497	657	543	423	632	477	
628	571	439	521	427	554	640	646	
504	592	652	411	468	656	584	532	
439	662	580	478	565	434	496	669	
481	652	580	412	569	503	432	626	
489	654	648	536	576	474	496	427	
514	564	635	418	625	421	471	566	
615	460	556	569	533	592	435	486	
541	663	485	670	563	515	668	441	
557	587	448	506	621	459	535	409	
614	519	449	475	546	443	493	641	
648	542	407	452	407	561	636	541	
627	469	553	663	413	450	612	465	
561	434	588	641	452	527	591	596	
475	409	671	535	524	595	433	649	
501	486	662	427	494	416	577	648	
568	456	657	620	631	550	420	501	
521	601	665	650	425	456	505	636	
665	513	445	649	605	537	408	461	
487	575	624	414	645	509	594	448	
409	653	516	489	433	565	662	439	
589	490	494	666	438	573	483	610	
581	453	649	408	586	440	629	662	
634	408	467	531	616	484	559	426	
650	560	432	581	497	635	500	425	
471	530	459	636	595	661	507	590	
559	654	499	630	503	564	652	449	
515	623	653	516	609	449	509	409	
539	626	482	542	528	453	634	608	
443	666	596	532	514	638	625	546	
464	571	575	661	503	554	623	462	
471	440	561	654	566	478	629	496	
600	433	502	445	482	554	607	426	
468	615	512	537	562	478	619	644	
474	523	650	466	530	455	657	514	
512	603	428	657	409	552	613	473	
568	501	662	563	629	577	615	477	
413	486	555	644	435	629	440	539	
409	536	662	638	623	439	527	439	
488	427	664	605	654	578	422	480	
544	472	653	411	443	520	643	595	
645	441	527	536	483	584	455	524	
583	423	513	655	548	611	415	663	
599	647	535	461	518	560	460	615	
473	655	581	409	610	501	412	527	
600	661	669	434	669	621	520	441	
588	416	640	508	528	435	627	669	
573	460	535	627	476	609	407	553	
629	464	548	477	437	526	614	664	
564	418	641	487	622	508	661	426	
488	566	414	649	407	568	471	619	
447	545	659	623	491	636	579	445	
446	412	623	525	627	545	451	597	
622	514	669	482	598	441	427	651	
483	543	623	565	516	464	614	518	
653	551	430	635	577	511	642	443	
412	513	647	590	445	491	599	555	
654	462	588	528	662	545	432	652	
655	510	570	450	487	640	555	425	
521	412	652	592	556	464	417	632	
643	580	509	430	504	571	459	407	
561	457	507	672	585	425	597	656	
452	628	523	624	433	551	495	632	
523	453	504	660	448	559	641	499	
574	432	640	662	460	577	647	662	
409	578	415	642	459	576	631	514	
414	489	641	572	477	641	660	580	
551	579	433	608	519	608	425	556	
540	422	661	468	522	671	655	618	
541	633	633	439	472	444	564	622	
434	628	490	572	667	446	588	536	
436	573	656	520	610	450	522	423	
532	417	660	479	564	635	407	490	
451	646	570	642	628	515	411	452	
598	658	448	525	418	629	542	500	
458	514	577	425	469	563	647	411	
515	669	607	459	637	446	531	413	
458	584	643	536	638	442	578	484	
478	625	556	654	624	622	425	524	
525	428	560	657	502	562	614	420	
489	593	414	563	432	522	633	500	
630	534	659	472	564	630	428	507	
551	592	660	503	498	610	554	440	
658	445	555	504	412	569	502	654	
627	445	557	512	485	590	535	434	
407	490	614	547	650	473	569	410	
413	550	503	607	594	517	407	433	
433	591	645	529	627	445	496	557	
524	433	559	638	569	446	650	619	
478	636	594	429	416	464	472	518	
553	488	428	626	647	484	647	534	
643	420	556	579	667	453	589	608	
524	520	430	580	410	565	609	471	
667	489	590	597	424	631	569	480	
579	459	661	594	590	548	653	547	
452	530	597	614	447	643	514	511	
517	636	620	437	589	410	443	620	
467	433	501	608	598	433	655	503	
483	612	446	568	521	633	449	584	
547	614	433	498	514	620	452	650	
641	573	495	423	436	585	487	663	
576	523	418	634	487	651	448	563	
648	452	530	583	460	525	653	584	
544	637	446	637	640	578	449	511	
670	424	582	641	672	592	432	439	
654	410	491	590	646	509	439	590	
623	562	417	434	431	669	487	541	
578	480	645	648	527	642	433	552	
524	634	408	469	599	667	508	409	
641	455	515	449	484	585	514	634	
652	413	481	543	576	520	670	449	
578	654	491	440	533	434	664	632	
418	661	563	523	586	414	642	534	
610	559	480	410	467	644	555	462	
579	636	449	572	651	556	546	635	
486	607	409	534	601	670	451	521	
534	446	662	443	667	504	496	612	
495	445	655	580	505	644	439	552	
634	565	580	485	539	445	669	598	
593	530	415	545	482	548	412	600	
413	454	638	509	510	572	454	638	
580	642	466	670	505	671	617	422	
535	621	445	431	566	647	445	466	
658	412	431	541	452	613	615	538	
458	610	511	637	437	646	518	569	
558	464	522	627	468	409	624	410	
650	413	474	554	439	575	619	665	
553	627	430	526	634	487	549	412	
665	577	651	417	490	554	437	432	
524	461	604	490	657	454	539	591	
561	506	413	457	656	595	489	631	
552	435	670	602	481	532	659	465	
475	587	543	420	581	532	660	466	
596	509	429	424	540	444	601	463	
453	507	562	648	479	457	536	521	
446	525	591	648	610	527	470	408	
643	538	479	585	590	511	408	668	
637	457	465	547	596	486	425	475	
466	597	544	529	549	625	481	498	
447	498	646	420	500	541	431	604	
580	483	476	634	586	466	649	418	
623	613	554	428	457	588	408	656	
537	424	672	579	590	443	645	595	
607	424	489	515	500	636	556	420	
566	487	663	407	492	407	434	572	
461	439	593	653	559	620	461	575	
667	564	499	414	625	538	461	498	
452	542	480	607	510	411	575	651	
457	620	548	421	491	432	541	656	
505	425	493	615	432	531	479	608	
536	500	571	409	528	428	597	669	
543	489	646	414	503	625	449	533	
542	454	415	615	625	450	590	520	
413	637	578	520	463	530	596	468	
494	611	415	536	621	671	475	419	
526	661	485	415	410	578	455	631	
559	634	470	642	451	599	631	516	
626	576	421	507	492	421	636	557	
647	536	614	415	663	495	608	409	
467	543	444	656	497	625	477	413	
564	556	628	497	452	642	541	529	
467	547	415	634	550	662	612	436	
591	506	659	557	583	432	624	563	
643	423	563	476	591	418	603	664	
487	604	655	521	565	495	579	456	
478	662	416	572	539	668	427	589	
629	551	524	428	634	581	425	495	
559	655	472	453	640	456	571	588	
510	422	601	665	454	496	562	649	
644	436	579	505	411	632	501	646	
439	528	659	562	534	621	431	670	
468	580	573	520	437	507	587	650	
482	655	415	581	649	439	538	662	
653	433	541	602	481	545	474	607	
582	470	531	667	488	429	592	633	
515	438	564	655	463	626	552	582	
431	566	507	513	583	430	487	657	
510	587	668	462	633	437	581	564	
444	634	667	568	627	475	431	578	
658	617	412	553	565	427	460	667	
407	593	465	535	463	531	587	408	
598	498	544	569	564	419	596	508	
412	563	647	471	643	572	434	506	
409	642	529	451	553	528	430	456	
499	419	570	460	532	418	617	672	
646	597	542	671	422	460	518	589	
460	658	560	512	434	501	657	610	
452	596	513	669	668	554	494	441	
630	519	600	413	578	488	654	418	
574	472	435	411	624	412	530	452	
615	474	567	667	417	535	552	659	
605	414	504	483	428	635	537	492	
480	607	595	408	560	631	439	500	
574	656	444	658	528	607	465	665	
434	654	515	576	439	601	576	514	
566	564	506	635	617	667	547	433	
521	660	555	440	651	511	453	557	
551	634	429	425	656	587	537	410	
664	566	478	419	514	614	448	576	
556	619	490	533	584	467	438	502	
621	519	458	497	555	602	532	445	
489	419	573	664	477	553	637	414	
606	478	465	650	497	553	423	425	
612	437	509	559	512	431	617	657	
427	539	589	573	520	660	589	438	
459	630	499	572	593	420	541	470	
437	545	585	473	465	531	659	409	
622	468	581	537	491	605	543	653	
416	569	648	526	494	570	655	602	
669	423	559	620	560	639	665	442	
453	644	435	521	528	618	433	585	
672	567	479	422	532	667	471	610	
584	424	450	513	537	426	613	473	
438	581	523	650	582	622	535	415	
642	489	657	548	616	576	415	477	
500	436	613	659	558	486	597	515	
653	496	447	537	422	649	505	549	
634	575	425	494	426	646	590	423	
443	602	535	661	607	437	470	504	
412	482	550	616	664	590	666	471	
550	421	666	501	581	665	486	426	
644	587	414	549	624	487	527	619	
578	425	510	620	479	628	529	433	
462	667	563	545	498	664	555	434	
496	604	612	663	544	661	469	522	
421	534	598	485	537	593	473	653	
610	536	472	410	413	458	548	485	
513	449	569	649	558	638	511	505	
625	538	408	506	602	502	633	582	
603	671	463	555	550	644	662	448	
564	665	483	455	484	587	428	428	
584	511	651	505	493	607	493	423	
648	451	668	577	492	603	545	439	
452	421	663	599	669	448	516	628	
452	514	523	663	501	576	484	664	
455	602	472	549	506	657	630	495	
603	545	658	421	499	608	466	548	
490	612	559	629	554	521	620	451	
429	493	616	656	654	419	483	591	
460	554	655	621	413	671	552	626	
469	615	552	433	445	651	621	412	
653	456	551	514	446	511	563	636	
608	488	556	429	480	561	666	667	
599	516	420	528	490	670	612	535	
591	483	656	518	431	587	567	621	
440	538	573	635	429	494	575	449	
433	472	566	578	502	432	562	649	
461	525	649	411	614	544	448	520	
668	627	539	470	586	414	515	653	
425	636	537	412	522	661	552	424	
615	447	572	414	442	552	656	496	
429	517	610	471	477	619	511	666	
428	525	572	625	548	625	496	661	
550	436	611	485	567	493	665	409	
609	662	463	445	502	413	560	637	
619	573	414	669	666	436	446	528	
494	577	652	410	494	632	563	429	
638	415	511	469	617	487	441	512	
621	512	433	657	544	615	669	443	
544	658	413	596	507	457	559	617	
522	656	424	472	587	581	471	671	
455	645	528	586	485	659	604	488	
432	601	500	632	462	587	587	665	
535	579	525	635	549	523	461	649	
416	504	617	537	501	548	638	465	
464	644	573	655	478	577	553	667	
414	467	534	594	484	611	426	474	
589	411	524	617	615	523	572	461	
454	523	650	551	586	529	463	657	
506	413	465	604	514	603	611	669	
538	603	562	492	482	537	636	613	
537	594	655	483	607	555	466	496	
480	619	636	564	552	549	499	448	
550	446	626	440	537	451	655	416	
425	494	425	658	613	617	450	550	
576	491	634	430	465	654	575	408	
632	412	479	553	424	637	561	635	
549	497	637	412	547	588	427	671	
432	637	537	596	528	420	637	607	
667	507	461	587	499	413	648	585	
498	657	591	578	671	448	480	419	
480	655	557	636	448	624	547	596	
419	485	542	577	623	550	457	661	
480	429	595	550	561	432	482	615	
483	671	544	567	580	439	627	549	
604	546	452	660	629	510	539	442	
482	470	597	536	569	458	632	478	
416	610	551	665	443	517	599	657	
418	503	457	568	535	457	627	409	
588	463	670	493	559	458	655	416	
566	496	407	633	513	657	480	572	
668	480	604	484	608	543	625	428	
587	568	417	659	560	672	517	466	
602	446	543	502	656	418	514	556	
462	568	501	655	541	416	478	642	
626	430	492	603	571	664	612	513	
505	455	602	563	667	469	515	635	
480	569	607	428	414	545	664	413	
539	457	612	479	616	562	559	449	
535	485	645	585	628	470	575	522	
457	621	506	562	411	641	492	648	
574	487	423	650	511	436	623	595	
597	487	663	592	659	543	602	436	
530	611	667	490	591	629	527	427	
453	663	483	546	571	506	456	634	
528	635	420	571	496	615	563	416	
670	549	600	495	539	667	455	660	
435	484	556	666	475	584	429	665	
463	476	662	541	407	442	492	599	
563	431	623	489	650	421	539	510	
568	629	521	459	559	671	407	471	
425	496	539	653	502	646	588	422	
463	507	420	582	434	586	643	479	
628	422	561	472	662	554	441	606	
470	408	588	518	522	413	466	637	
487	634	420	545	557	615	428	526	
603	454	567	421	469	533	665	419	
628	575	437	655	539	423	592	454	
644	510	581	414	638	573	523	462	
645	431	586	522	548	613	482	414	
462	617	497	666	449	529	632	671	
625	486	421	528	472	437	570	622	
615	528	601	411	450	603	494	529	
656	408	570	487	590	435	427	514	
638	517	573	461	592	482	533	424	
537	646	457	440	672	424	627	448	
463	671	576	495	605	587	547	438	
563	447	624	580	578	419	442	646	
647	442	468	547	504	584	438	636	
411	476	545	664	637	465	520	408	
512	430	615	671	520	639	457	642	
411	465	657	617	571	472	485	414	
546	467	438	648	560	411	473	609	
521	582	481	637	648	472	486	588	
428	551	472	665	497	438	670	489	
544	641	448	645	658	492	547	451	
457	501	571	619	418	519	471	592	
614	424	493	595	421	646	495	583	
460	602	533	660	529	620	450	553	
477	564	671	433	489	435	582	522	
607	447	556	670	562	447	622	418	
510	407	662	422	562	637	469	670	
469	619	661	552	618	456	554	612	
555	626	495	656	478	605	547	408	
450	646	504	408	470	657	615	486	
476	622	535	423	412	662	477	565	
617	517	525	592	451	454	534	505	
438	498	482	612	411	446	561	659	
442	518	655	571	546	592	442	411	
626	438	456	574	519	465	574	637	
587	472	424	531	657	423	495	544	
657	494	477	617	626	543	447	646	
672	407	650	576	411	614	533	468	
439	540	636	495	415	600	558	552	
559	497	624	460	422	579	651	503	
498	411	604	553	609	666	434	516	
471	557	649	623	420	601	501	665	
562	659	426	486	439	480	515	555	
418	530	587	649	495	438	599	549	
607	417	423	519	561	616	508	656	
594	520	648	472	412	522	606	672	
542	476	595	505	448	501	604	646	
644	415	605	543	470	626	548	522	
624	549	444	455	635	523	534	663	
445	504	618	500	529	584	568	408	
467	557	628	598	497	570	411	465	
413	557	482	588	515	590	458	626	
567	434	630	499	488	642	427	474	
609	412	564	469	651	599	459	504	
419	544	653	411	422	584	509	571	
454	550	640	493	438	626	565	521	
472	629	671	417	652	487	594	426	
668	489	567	555	489	546	623	421	
466	641	531	608	584	478	660	414	
411	567	643	481	471	418	542	632	
596	429	484	527	509	564	443	483	
492	557	672	651	560	510	481	441	
470	666	422	554	450	481	635	523	
573	454	485	514	666	596	508	523	
647	446	578	485	457	657	636	570	
629	530	668	518	534	539	649	607	
652	502	432	547	573	432	476	661	
457	579	407	669	559	617	474	538	
452	559	510	659	611	504	666	431	
665	411	540	461	451	511	581	662	
555	607	672	472	568	650	502	562	
472	617	550	526	629	484	426	411	
499	613	419	551	465	518	587	587	
604	662	421	484	596	485	662	428	
603	552	482	417	462	530	652	581	
552	646	475	421	507	558	410	642	
456	590	621	533	617	417	479	474	
542	658	606	422	646	466	564	515	
429	539	488	604	533	649	596	480	
643	546	489	439	419	551	652	553	
556	506	449	622	423	598	633	537	
409	563	668	479	557	479	502	412	
473	543	638	615	515	621	590	439	
495	573	423	592	529	600	466	512	
670	606	483	576	648	412	546	491	
544	511	637	454	473	561	465	635	
647	432	566	523	564	500	456	615	
550	445	490	621	528	664	426	471	
491	601	410	441	497	631	557	592	
521	648	418	636	436	507	622	636	
646	423	638	468	670	500	438	636	
592	458	666	518	590	471	526	644	
541	607	428	499	623	666	458	487	
514	578	626	445	417	647	602	540	
515	458	410	622	459	619	555	427	
559	421	642	510	667	441	544	619	
429	636	519	554	490	433	559	615	
514	590	420	457	542	445	662	503	
456	623	568	494	518	613	656	446	
511	603	443	667	626	484	544	438	
604	520	412	618	642	578	408	491	
510	466	641	455	511	564	613	446	
534	463	642	412	647	424	547	409	
518	639	444	461	499	432	621	550	
461	449	568	660	426	638	542	484	
476	571	555	412	508	444	590	667	
458	548	565	509	658	457	606	512	
511	621	429	621	587	497	540	667	
641	426	482	603	495	633	551	414	
534	587	639	476	642	513	664	433	
664	637	430	578	602	492	448	653	
570	488	650	425	411	608	557	616	
667	601	427	539	672	600	508	458	
623	455	538	568	590	434	639	566	
452	519	595	595	650	449	590	529	
459	572	420	659	432	504	583	434	
635	503	489	425	440	646	589	601	
424	477	628	567	450	469	634	517	
586	520	411	463	597	461	426	528	
672	610	550	592	600	484	569	496	
446	635	662	567	609	533	662	452	
606	413	544	661	565	409	461	643	
581	613	415	670	617	559	663	443	
528	596	459	607	663	416	614	505	
648	449	559	446	454	409	484	561	
410	467	591	650	539	601	442	514	
639	410	654	544	499	641	430	544	
478	575	423	413	414	532	572	459	
623	454	516	646	651	506	574	413	
468	544	595	669	566	662	454	431	
653	485	436	565	502	571	429	664	
511	633	425	662	585	436	552	522	
640	459	577	517	483	659	435	586	
583	456	669	588	581	441	496	672	
520	423	559	465	460	477	545	661	
661	541	564	443	447	522	660	566	
634	414	552	640	569	438	646	534	
513	586	647	468	663	478	580	546	
637	411	553	480	465	603	532	659	
551	407	495	621	421	662	469	552	
538	659	445	606	594	558	647	430	
491	563	611	537	549	671	457	615	
460	495	619	618	517	615	443	570	
422	591	552	476	633	427	520	523	
422	570	503	670	568	413	491	618	
577	446	444	652	574	593	513	447	
414	488	646	556	409	626	579	503	
467	560	413	660	414	465	551	649	
556	430	465	612	421	613	558	645	
607	552	460	432	579	423	465	509	
543	572	407	437	599	453	522	479	
459	552	495	658	633	547	453	486	
601	451	533	658	520	436	594	630	
489	659	576	437	424	616	520	524	
475	568	528	448	541	461	427	524	
669	612	524	469	608	495	441	670	
648	568	421	484	635	481	567	449	
558	659	508	441	587	417	576	517	
452	520	579	636	536	630	552	424	
537	623	658	463	415	574	483	533	
471	565	630	552	464	611	555	645	
539	667	617	470	569	665	600	418	
584	643	435	493	660	431	587	424	
531	469	628	449	469	642	602	572	
648	507	566	408	515	426	492	558	
652	598	477	419	665	429	601	488	
521	456	601	653	588	664	514	452	
649	450	653	512	519	589	666	450	
518	625	416	666	549	637	498	437	
581	432	655	487	450	583	509	632	
572	466	411	500	467	547	609	533	
523	420	485	596	515	639	591	460	
552	651	486	432	582	457	533	627	
536	603	489	658	652	442	519	552	
645	463	576	502	438	492	600	500	
642	522	560	457	428	569	597	488	
524	480	569	637	445	570	614	489	
599	461	539	657	436	617	502	536	
425	618	553	491	641	521	467	581	
621	454	522	412	596	456	458	550	
533	607	421	595	544	632	484	419	
649	476	419	595	530	655	491	598	
498	564	588	641	497	575	411	507	
521	657	601	453	590	429	639	538	
502	672	549	605	417	670	553	475	
431	554	438	573	493	666	638	432	
437	476	619	520	541	423	606	656	
548	498	458	589	489	649	571	436	
611	547	430	494	650	479	427	533	
650	598	456	547	567	486	671	410	
497	417	577	644	436	531	664	592	
428	501	625	571	487	601	657	425	
605	449	544	506	584	426	511	656	
623	472	560	415	649	589	496	415	
543	547	474	656	474	416	615	517	
476	531	407	588	627	546	443	506	
503	559	409	620	635	540	411	442	
554	651	448	508	658	545	446	624	
599	667	451	546	506	440	664	563	
481	567	431	501	631	498	581	417	
625	566	469	472	560	662	523	441	
427	553	626	455	638	448	500	579	
473	613	650	538	508	588	496	439	
463	562	433	666	437	669	423	585	
564	499	665	607	526	592	658	458	
533	563	625	585	553	648	447	464	
441	667	618	652	492	652	445	548	
497	534	609	445	519	409	613	522	
511	643	585	507	449	578	522	642	
490	661	607	419	608	522	470	652	
644	517	433	432	438	600	529	543	
422	492	665	601	539	413	628	486	
472	589	633	408	627	409	572	418	
636	446	509	594	509	658	461	444	
490	521	567	646	670	425	506	459	
664	520	605	410	634	506	533	409	
480	434	543	560	455	593	658	502	
646	441	433	551	519	497	466	637	
468	416	652	600	650	523	483	585	
522	456	629	672	667	610	515	434	
663	502	549	426	523	466	597	660	
441	532	609	496	605	412	482	670	
477	541	413	667	417	476	558	668	
424	647	577	516	437	526	633	573	
597	471	643	653	558	477	667	603	
450	551	607	653	648	497	546	428	
470	545	628	415	671	557	427	493	
572	462	644	447	635	468	513	608	
547	598	636	472	580	432	498	658	
638	452	539	446	583	671	453	528	
557	472	662	451	621	416	568	510	
418	615	544	478	418	466	576	619	
663	522	419	531	596	483	654	417	
549	633	451	637	665	535	628	622	
621	494	670	409	651	538	440	525	
452	609	507	672	629	421	516	430	
523	464	413	649	449	591	650	512	
492	440	548	541	650	425	477	603	
503	580	633	419	604	488	423	545	
663	587	545	408	525	534	414	472	
429	616	672	501	566	485	638	569	
476	660	527	529	485	603	644	429	
619	451	577	499	475	649	531	598	
590	488	523	412	502	418	656	600	
432	531	573	624	468	505	649	414	
413	501	581	475	610	415	631	501	
516	413	573	469	572	462	647	645	
545	668	624	499	510	551	410	456	
480	567	619	424	523	478	667	589	
621	555	417	537	555	659	490	417	
665	523	422	570	642	422	515	583	
434	647	526	510	467	638	564	498	
598	492	437	622	622	617	533	481	
619	544	419	597	631	546	455	512	
622	669	463	407	612	434	520	670	
441	581	509	638	594	505	407	634	
626	557	624	417	434	493	627	577	
665	517	564	452	484	604	555	418	
558	672	510	473	435	519	547	661	
460	563	617	649	655	486	527	420	
471	532	428	627	647	546	593	429	
671	602	522	444	425	610	626	477	
472	614	543	573	510	611	669	555	
614	565	457	407	494	531	641	476	
646	558	525	439	626	527	575	415	
507	671	565	418	483	422	561	646	
498	671	586	435	586	495	467	640	
512	454	671	547	577	465	427	630	
656	534	458	590	414	470	595	672	
499	606	413	420	603	505	656	435	
408	592	662	514	651	502	558	441	
627	452	503	565	498	638	538	580	
523	658	412	469	543	634	449	488	
596	423	537	488	469	532	500	589	
508	562	645	414	582	492	459	407	
478	621	534	562	496	605	671	655	
504	411	434	571	641	419	440	564	
489	654	591	426	562	621	496	444	
539	645	667	463	464	410	524	589	
451	637	575	520	423	559	604	669	
579	661	477	415	597	643	500	502	
519	633	438	538	427	651	573	493	
554	439	507	618	612	491	434	548	
415	473	563	611	459	470	622	585	
407	594	557	651	476	535	627	411	
645	499	443	419	663	572	504	475	
450	580	473	662	412	607	621	664	
468	561	535	650	599	603	430	657	
429	573	662	628	521	460	606	661	
660	439	591	532	435	643	520	563	
654	545	468	599	504	589	434	654	
649	434	580	499	431	632	465	516	
484	414	568	454	453	506	670	610	
428	566	522	654	508	647	449	584	
429	583	615	513	492	625	425	569	
584	515	459	418	642	409	593	469	
485	647	578	427	441	540	435	651	
474	583	476	539	438	497	515	636	
447	638	445	557	643	563	535	488	
420	441	619	554	629	544	462	619	
639	522	421	473	667	561	448	515	
648	433	491	556	531	478	422	591	
528	602	653	459	617	472	433	505	
647	450	540	592	621	663	486	464	
414	559	503	650	465	621	580	524	
562	512	626	454	512	426	597	454	
523	624	437	471	446	669	587	522	
643	407	487	552	555	486	423	407	
612	554	655	408	576	624	494	433	
448	484	543	659	545	480	629	425	
455	568	523	644	511	544	647	583	
407	443	665	502	568	425	482	435	
652	410	568	521	438	639	577	524	
438	630	518	519	424	624	481	555	
617	546	409	672	488	568	642	430	
607	523	661	517	497	420	571	650	
464	601	528	413	446	625	515	578	
567	636	585	506	428	585	475	658	
476	658	582	582	447	624	510	411	
472	418	538	572	654	505	593	435	
436	492	639	571	517	426	559	622	
552	443	493	611	470	486	615	524	
465	600	658	537	443	523	670	602	
452	586	570	507	594	512	651	413	
671	533	463	416	549	460	631	419	
476	662	542	431	416	602	507	663	
551	670	478	624	532	448	580	650	
645	615	575	486	466	549	442	605	
588	536	502	483	661	521	444	600	
423	531	611	607	454	628	594	555	
494	576	419	599	570	488	668	423	
634	493	571	419	489	618	564	427	
609	454	433	651	429	607	459	573	
526	559	638	476	571	643	503	409	
499	645	447	607	483	617	600	422	
491	589	667	512	624	493	432	550	
424	451	499	579	495	669	543	462	
566	619	667	510	505	628	414	553	
611	527	589	531	586	490	671	426	
448	581	651	528	449	516	636	656	
511	652	617	408	513	586	447	665	
442	442	648	568	614	440	563	651	
449	513	408	654	644	542	419	488	
425	577	474	650	646	548	459	592	
598	442	645	551	664	556	445	518	
464	635	526	584	460	649	527	579	
598	463	651	484	649	590	477	554	
506	615	458	615	622	414	558	477	
611	560	473	615	414	617	484	465	
661	571	452	436	557	410	523	473	
603	460	556	661	475	548	664	432	
407	601	416	620	638	559	489	409	
545	670	631	468	419	668	606	516	
447	552	633	484	514	431	574	649	
498	628	442	524	520	594	420	459	
465	545	593	426	544	597	552	663	
546	471	637	627	650	588	409	489	
505	606	655	601	647	429	533	473	
535	407	473	659	543	627	670	437	
589	492	421	532	552	516	415	651	
483	640	533	424	450	407	507	651	
445	564	653	512	559	483	419	502	
427	601	512	506	573	481	628	514	
653	480	411	587	409	483	548	604	
476	620	533	583	619	672	520	667	
470	465	671	532	512	424	574	643	
650	469	538	552	458	611	564	489	
413	619	539	671	487	416	666	559	
427	642	576	482	668	524	490	608	
432	592	488	570	470	600	429	543	
440	513	596	570	453	528	555	607	
549	631	439	489	512	434	600	617	
617	418	481	567	555	597	528	653	
572	432	633	503	418	570	480	640	
534	455	587	653	648	486	560	416	
655	456	518	640	428	551	608	479	
509	471	595	412	567	411	653	505	
551	475	468	671	496	591	434	523	
517	585	426	433	495	647	560	598	
649	588	417	471	412	656	579	604	
578	638	450	428	534	645	581	468	
566	669	502	456	513	601	457	658	
512	595	662	420	429	536	644	497	
416	481	651	556	662	475	588	458	
533	613	477	429	537	419	667	448	
608	535	491	671	440	605	408	512	
528	414	647	577	564	589	639	437	
414	592	657	501	516	568	619	467	
545	611	645	433	595	455	666	517	
407	479	606	669	451	598	418	552	
558	457	642	437	498	600	659	428	
592	637	535	451	610	484	437	670	
624	446	599	654	429	520	657	595	
480	600	653	527	609	663	503	497	
566	440	669	517	507	466	599	418	
450	528	529	619	632	538	410	473	
516	541	424	666	613	626	418	537	
464	575	495	663	624	494	562	478	
439	519	552	624	661	485	552	551	
448	577	512	634	437	646	563	407	
415	476	534	410	619	443	537	644	
550	430	621	409	593	609	454	546	
418	552	605	482	607	485	653	541	
410	546	624	459	652	495	556	411	
467	585	566	628	649	592	499	411	
547	611	479	423	517	628	574	411	
596	668	446	414	522	412	642	469	
584	516	420	672	581	431	632	433	
663	448	564	492	481	599	672	439	
439	556	611	666	522	629	477	411	
607	519	484	426	461	436	620	509	
546	629	487	420	513	663	621	563	
482	464	524	660	612	560	658	431	
516	566	636	436	414	609	496	452	
564	446	606	445	470	667	562	671	
525	469	587	607	450	596	544	651	
616	453	522	672	437	552	620	666	
507	536	583	420	418	613	431	547	
525	413	662	431	529	597	453	507	
459	669	503	577	601	487	428	577	
595	507	429	627	628	480	570	450	
462	519	661	408	495	547	452	612	
636	521	417	545	647	535	454	584	
565	433	473	620	573	471	639	528	
671	455	612	495	505	595	659	407	
587	408	510	530	616	560	476	446	
549	467	604	438	409	487	534	605	
412	617	523	650	470	672	619	522	
495	624	411	548	492	579	637	438	
570	498	437	512	472	623	533	658	
526	411	467	672	615	428	525	484	
538	664	576	458	605	543	658	483	
606	408	514	647	578	487	456	645	
656	523	566	590	578	649	485	427	
613	670	461	547	487	489	425	567	
534	581	641	637	442	521	661	608	
629	456	467	567	423	595	549	616	
595	415	496	602	429	514	633	670	
643	599	408	495	579	441	456	620	
613	422	525	637	563	633	492	554	
623	438	598	652	655	519	605	428	
464	532	592	600	470	615	541	641	
442	521	576	633	633	490	544	612	
616	419	519	473	527	624	461	407	
648	510	463	645	544	597	661	481	
604	656	418	495	531	601	641	457	
622	504	413	485	508	408	562	621	
617	439	521	436	604	433	560	533	
443	591	511	656	460	589	636	519	
585	462	525	660	535	616	494	460	
672	509	566	598	633	549	467	415	
557	659	589	471	512	590	410	439	
587	537	467	631	511	668	426	592	
423	481	616	574	490	550	661	489	
506	646	568	645	631	603	445	531	
603	421	538	666	549	429	670	495	
412	560	532	598	553	455	540	644	
578	633	563	481	609	651	476	409	
646	420	504	550	413	529	467	643	
565	654	410	471	623	501	552	432	
616	558	478	665	603	459	509	527	
623	637	498	562	434	618	507	455	
517	615	642	511	508	615	455	657	
582	529	409	468	572	410	655	475	
562	486	647	660	434	622	571	520	
654	511	564	428	422	645	484	592	
587	456	528	520	606	455	670	628	
534	672	597	481	556	603	422	410	
490	662	534	564	604	477	448	551	
412	437	499	595	468	639	567	592	
606	421	493	626	415	670	528	483	
457	547	573	611	629	439	544	580	
623	457	558	510	563	442	618	668	
569	514	643	463	630	508	574	468	
504	660	593	449	614	549	447	433	
558	664	463	412	619	413	523	578	
511	420	667	496	445	620	544	592	
587	438	484	501	546	638	445	418	
421	667	473	524	627	447	573	475	
659	493	428	565	652	535	597	632	
601	448	518	487	621	442	511	579	
488	652	437	492	476	476	651	556	
530	625	417	583	470	666	604	539	
621	420	493	541	633	419	572	424	
446	547	506	662	467	648	593	428	
503	628	416	543	532	581	463	413	
493	642	563	415	437	543	598	493	
500	621	436	539	487	647	566	412	
580	425	634	504	631	447	499	582	
484	559	615	452	478	534	661	620	
519	442	457	639	653	598	536	493	
621	539	434	672	561	499	631	427	
569	640	480	446	594	507	663	666	
504	667	624	521	486	662	543	609	
649	602	668	500	596	644	490	543	
556	645	465	483	420	672	499	549	
474	668	545	432	639	559	437	490	
595	637	530	470	444	501	617	432	
424	488	647	519	410	482	592	636	
519	658	536	601	471	564	619	531	
620	543	435	485	530	471	651	576	
635	433	505	587	517	604	661	438	
563	417	625	634	626	560	417	469	
531	671	620	463	549	437	484	610	
576	489	616	446	613	438	645	485	
468	612	413	552	432	630	487	564	
546	419	602	671	671	481	578	452	
563	411	508	644	639	456	560	414	
