L1	L2	L3	L4	R1	R2	R3	R4	
602	446	420	512	628	517	416	559	
670	564	425	489	491	558	649	602	
608	407	459	518	581	505	412	659	
493	646	556	602	560	638	425	505	
468	407	576	650	544	594	436	661	
614	488	662	500	529	561	647	442	
577	462	662	525	643	537	420	644	
501	562	650	603	646	462	608	537	
618	542	505	627	587	511	548	444	
566	486	618	671	549	435	485	619	
620	509	428	571	438	591	650	511	
485	538	604	440	596	472	554	665	
479	624	671	411	447	525	596	647	
462	606	553	516	575	453	492	649	
486	550	448	642	486	605	558	508	
497	559	545	617	532	659	601	492	
646	407	537	412	422	595	453	661	
483	493	578	667	614	524	413	671	
537	626	454	447	592	664	554	502	
623	452	532	616	564	670	418	411	
459	608	533	670	425	491	585	483	
554	430	617	478	547	492	625	499	
506	538	645	443	636	456	557	414	
455	440	660	616	658	431	563	502	
474	657	526	412	640	535	471	572	
586	559	647	411	468	630	429	538	
567	413	667	616	585	633	446	507	
450	671	518	575	447	548	671	591	
476	581	548	407	502	646	430	593	
578	514	444	650	632	430	556	484	
505	456	609	665	461	601	530	665	
511	627	556	655	575	529	427	617	
544	453	604	591	613	554	454	612	
563	606	480	477	466	466	580	407	
642	458	524	492	443	667	534	470	
466	416	598	555	533	665	556	417	
414	667	488	576	503	407	544	656	
604	480	653	422	656	608	546	480	
597	423	666	525	533	648	414	447	
408	622	508	565	506	583	430	664	
513	596	481	654	614	445	507	665	
664	596	454	517	548	619	433	472	
471	557	552	414	495	667	568	638	
617	531	467	535	534	486	658	429	
592	669	516	411	663	558	454	658	
412	547	630	452	505	581	653	431	
541	412	426	482	605	505	656	418	
604	519	578	543	489	591	419	545	
415	504	557	665	575	469	413	656	
435	608	476	589	460	609	409	663	
560	623	436	670	634	485	554	441	
573	636	478	409	475	633	415	560	
621	475	583	433	548	516	438	651	
469	515	589	408	554	467	609	515	
628	505	465	453	588	434	483	636	
618	465	412	544	462	589	524	553	
470	536	597	639	461	599	519	635	
530	627	657	574	458	505	617	568	
583	452	626	503	647	425	562	449	
512	652	416	561	416	516	586	568	
416	552	543	490	442	613	407	503	
624	555	429	439	628	534	418	449	
640	497	445	661	672	456	612	540	
511	614	459	672	655	424	524	586	
529	467	537	649	522	418	640	643	
409	483	510	639	495	440	510	665	
527	624	564	479	461	519	605	658	
667	528	463	638	420	479	508	560	
493	583	654	431	604	432	570	665	
440	619	578	490	657	421	580	545	
580	439	517	649	505	581	672	628	
424	529	642	587	418	638	568	467	
471	631	560	408	504	451	624	655	
440	579	630	446	434	628	531	461	
431	535	484	504	648	425	505	600	
577	671	450	528	650	492	430	568	
518	622	422	647	621	538	428	578	
570	468	424	656	567	505	589	411	
556	578	468	666	516	644	543	622	
515	442	615	662	466	549	651	470	
436	614	624	536	422	464	519	653	
423	624	650	536	458	575	547	516	
593	497	549	668	580	639	464	432	
426	668	513	462	429	475	419	657	
513	438	621	581	582	523	457	659	
421	552	483	652	517	572	617	663	
492	431	631	651	501	537	616	444	
628	422	492	650	522	467	636	422	
518	421	435	606	597	476	429	544	
657	495	416	657	565	445	614	648	
643	476	420	570	510	566	467	666	
408	481	571	611	660	625	564	424	
419	670	615	533	632	502	557	410	
622	438	659	510	461	560	628	519	
477	623	412	526	575	525	414	648	
643	502	521	578	465	616	542	660	
492	561	418	667	605	539	447	503	
456	650	525	594	539	669	586	488	
482	543	633	420	665	410	498	573	
516	536	462	670	627	420	482	566	
450	518	602	669	477	599	549	668	
560	414	660	485	413	499	524	594	
535	601	607	521	640	433	486	469	
622	499	519	458	666	594	484	407	
660	448	573	510	589	606	425	661	
640	451	410	504	545	465	636	424	
446	505	575	637	659	453	545	604	
609	559	457	630	574	505	430	666	
602	662	477	413	659	428	601	486	
521	630	489	622	414	561	479	561	
586	510	441	665	568	506	420	581	
531	543	466	622	595	439	496	585	
619	437	496	583	449	578	434	529	
584	432	599	505	479	560	545	421	
531	619	411	470	586	649	520	483	
637	671	486	606	624	407	533	661	
630	577	470	412	591	442	545	659	
560	414	601	548	559	416	648	602	
607	428	500	621	601	444	500	665	
449	554	656	500	567	499	444	626	
524	622	604	552	567	478	672	608	
647	438	531	581	633	463	582	531	
505	595	409	412	482	601	414	670	
669	547	511	579	489	432	628	565	
622	554	449	671	533	442	598	480	
582	418	522	664	503	486	415	614	
640	587	479	536	640	478	593	557	
663	505	625	524	422	486	498	601	
426	525	655	629	433	462	527	629	
517	556	574	431	644	531	470	586	
565	615	473	542	453	506	591	598	
480	569	639	431	486	548	604	499	
448	575	497	669	411	632	491	439	
657	419	489	667	513	653	429	535	
487	657	575	440	643	547	510	567	
566	408	494	636	638	431	528	410	
432	487	607	531	642	540	489	429	
510	636	582	412	502	585	639	442	
458	580	669	638	431	620	551	544	
552	492	640	421	476	543	412	605	
580	477	647	489	586	427	646	529	
586	523	533	613	485	426	636	603	
639	513	568	573	640	407	517	670	
644	553	448	613	468	579	515	636	
562	489	611	641	444	455	555	641	
453	497	581	661	669	598	510	457	
619	670	538	471	460	577	505	665	
589	496	510	436	529	580	591	419	
472	531	630	550	602	651	667	498	
426	489	599	408	493	442	572	623	
467	565	420	498	652	419	510	611	
470	585	599	521	424	611	533	417	
546	428	580	638	448	621	522	488	
671	469	408	593	442	503	664	612	
437	621	537	464	428	549	607	478	
652	565	503	441	615	434	552	543	
583	448	579	514	445	585	620	663	
482	632	669	561	416	581	535	670	
430	615	521	477	611	489	621	433	
646	477	408	589	519	480	672	467	
468	412	561	578	473	598	413	668	
485	622	442	558	512	657	588	407	
639	555	455	466	542	443	492	612	
452	592	508	574	409	653	583	504	
435	511	616	549	619	493	435	635	
470	414	573	650	435	640	555	503	
633	412	447	554	570	472	543	648	
559	441	672	508	415	524	598	654	
643	530	470	408	503	557	424	630	
526	628	522	469	564	526	500	635	
593	460	409	541	549	660	427	482	
666	508	439	443	438	487	492	563	
585	542	419	642	545	643	456	605	
487	600	650	547	634	445	654	562	
495	644	424	600	469	646	625	543	
552	452	614	668	533	638	480	415	
573	653	520	464	624	574	517	664	
612	499	511	426	490	428	636	577	
419	538	621	602	585	420	635	459	
482	611	437	505	510	417	469	612	
594	660	516	463	542	656	438	497	
478	663	579	413	646	597	565	509	
466	565	656	435	412	567	535	614	
469	529	652	621	666	577	505	455	
632	506	410	557	626	521	471	555	
455	532	624	644	416	469	646	593	
632	500	551	415	615	545	450	567	
511	633	522	411	606	423	552	491	
663	535	434	601	523	441	643	590	
662	476	534	428	630	413	573	491	
524	425	635	615	489	613	445	543	
462	636	521	577	484	667	542	612	
447	644	508	583	505	656	451	415	
666	532	422	521	582	536	444	671	
505	641	411	558	525	429	628	672	
580	503	407	550	547	643	477	440	
561	632	463	562	563	660	480	548	
517	650	598	573	528	636	457	600	
539	671	668	420	584	444	665	635	
556	479	638	530	579	418	669	481	
648	587	435	507	672	434	571	507	
500	424	554	626	508	420	559	577	
645	449	491	548	643	561	454	521	
585	643	423	528	602	524	632	490	
580	651	474	429	610	501	410	662	
556	619	418	537	671	448	507	557	
588	513	517	446	659	536	590	440	
532	647	485	554	552	484	668	592	
459	525	589	669	604	564	467	422	
565	421	480	429	411	622	515	458	
454	531	439	621	445	587	504	540	
495	638	411	579	665	446	579	590	
477	527	571	625	668	556	613	487	
438	550	608	441	492	526	661	570	
654	451	666	545	419	656	551	554	
476	593	411	537	447	645	577	509	
447	644	556	499	572	512	435	621	
522	587	642	648	667	545	478	418	
490	439	530	590	581	442	513	646	
492	548	623	646	602	503	661	438	
507	563	652	433	645	578	467	516	
429	523	597	465	432	571	669	453	
666	590	593	455	657	416	607	479	
487	604	568	631	507	585	647	548	
513	463	606	433	594	511	407	457	
511	462	565	460	485	552	434	632	
601	443	523	656	593	525	664	426	
528	570	473	626	615	541	441	504	
600	636	478	527	660	498	588	437	
463	596	535	656	473	545	636	659	
598	463	650	552	459	590	649	591	
496	647	439	558	629	439	669	506	
539	669	417	482	559	508	579	457	
663	528	610	440	652	469	418	520	
522	656	409	578	643	434	524	589	
496	618	658	552	583	411	672	644	
590	409	500	664	644	553	462	503	
474	558	415	591	511	668	410	561	
527	443	570	616	561	419	470	602	
506	437	609	549	630	458	550	423	
579	448	628	502	412	632	492	572	
436	515	644	577	460	488	542	614	
525	427	672	614	483	427	616	663	
616	516	461	567	648	515	432	526	
582	528	483	644	462	513	633	584	
537	538	592	447	492	568	672	418	
558	491	644	429	467	660	600	544	
612	650	446	595	649	595	454	498	
508	424	551	616	512	416	638	550	
555	510	449	623	542	440	565	648	
625	511	436	557	494	410	583	654	
531	561	474	638	596	628	439	420	
461	598	475	417	580	475	520	663	
608	509	461	510	428	564	631	495	
646	457	425	536	501	584	449	670	
468	536	625	562	492	591	436	501	
663	476	496	607	550	418	486	621	
604	666	554	537	594	409	512	647	
454	611	569	510	414	574	498	618	
599	424	501	559	437	591	509	661	
418	554	641	600	636	423	459	506	
661	415	591	493	649	423	560	664	
638	413	438	665	531	631	444	579	
478	574	649	585	579	666	623	509	
633	439	503	437	598	530	480	409	
500	553	633	430	438	635	625	516	
425	565	655	468	606	559	469	418	
604	653	557	468	496	413	655	443	
490	413	419	564	656	409	495	521	
643	470	530	428	616	666	456	530	
411	461	597	653	442	571	635	511	
591	529	433	668	533	589	483	416	
657	492	638	431	465	665	605	412	
482	649	477	571	625	543	432	632	
610	512	514	421	501	633	567	470	
522	635	473	419	663	418	631	483	
468	566	658	628	452	637	587	527	
496	584	630	431	424	443	598	488	
486	647	426	557	579	635	500	411	
502	470	602	653	631	467	532	418	
506	459	609	568	441	607	602	540	
478	647	557	595	594	613	665	418	
660	615	567	422	555	486	672	615	
559	465	623	667	587	532	653	508	
445	586	568	416	533	436	650	411	
629	478	430	666	419	513	666	614	
567	608	493	667	516	456	604	427	
665	601	512	441	555	635	634	441	
499	618	423	563	435	601	503	504	
491	628	417	561	484	513	616	442	
632	526	424	491	473	603	539	419	
487	632	421	602	603	552	498	537	
433	513	664	615	639	502	558	430	
618	434	546	508	595	514	600	409	
487	508	441	621	613	447	649	486	
592	500	434	655	520	661	603	577	
496	632	410	548	665	447	473	592	
459	546	463	600	547	626	463	668	
629	536	434	654	522	426	618	671	
540	407	612	498	466	581	486	648	
595	424	650	670	470	652	567	588	
529	408	671	478	468	629	538	408	
531	633	582	464	515	549	414	649	
517	452	655	584	595	541	467	502	
604	547	479	632	645	481	592	647	
603	637	454	555	568	517	473	415	
669	475	572	619	472	651	541	413	
440	649	575	521	419	505	645	445	
559	645	446	554	638	490	524	437	
629	624	487	563	438	584	525	635	
475	615	658	548	445	552	669	534	
423	486	468	644	457	504	577	651	
543	555	447	629	654	529	411	557	
630	563	464	409	659	525	464	421	
464	520	628	420	454	533	643	562	
650	444	494	549	593	488	410	505	
447	643	538	567	595	458	671	667	
672	563	594	427	534	432	648	523	
500	668	439	608	618	513	453	563	
632	483	541	617	534	604	469	649	
483	551	617	488	432	532	571	641	
507	585	639	620	463	546	620	639	
571	522	671	414	645	508	413	573	
578	534	644	449	540	649	412	597	
426	605	663	515	529	505	658	454	
586	641	410	457	563	454	658	493	
591	427	510	549	407	574	493	665	
651	443	436	668	629	433	659	516	
441	516	584	670	430	505	539	589	
411	507	603	589	481	559	638	630	
463	517	588	645	407	623	496	640	
660	594	503	445	555	640	499	441	
629	660	496	437	572	437	507	504	
536	648	463	603	524	463	667	589	
573	648	635	501	470	618	506	613	
592	493	667	418	499	625	423	571	
527	409	654	474	511	456	571	427	
613	464	515	573	671	537	612	428	
423	559	478	631	489	626	441	430	
646	426	551	468	600	468	516	413	
527	637	453	579	409	474	587	631	
597	486	647	412	530	631	420	477	
577	432	664	521	599	534	657	466	
602	469	548	409	584	453	412	645	
530	471	598	557	544	649	410	639	
525	485	440	671	416	584	531	595	
565	671	455	497	576	491	518	627	
613	495	441	547	407	572	556	488	
617	455	531	452	607	669	551	474	
477	642	568	414	550	424	666	602	
420	648	540	414	601	477	584	427	
434	598	654	479	485	667	614	654	
611	517	466	442	667	484	418	640	
488	548	663	460	425	520	562	504	
505	597	425	648	655	439	585	410	
660	592	516	456	580	461	518	613	
483	421	662	578	579	667	525	671	
408	667	561	419	460	668	560	633	
651	599	543	481	647	528	603	452	
420	537	649	531	605	551	532	453	
414	655	644	553	500	645	549	651	
665	618	485	575	497	412	424	572	
609	424	508	567	473	647	623	407	
462	531	596	667	593	493	536	417	
466	672	548	609	534	623	430	656	
479	568	589	666	535	463	439	629	
457	545	634	510	672	628	572	519	
434	590	657	538	557	410	501	433	
628	545	410	489	449	523	648	421	
474	432	603	407	601	481	539	661	
669	584	417	532	643	540	575	480	
608	415	524	550	408	574	638	478	
655	591	595	432	541	407	617	476	
618	494	439	669	546	468	623	667	
407	520	460	619	567	625	503	427	
600	659	468	537	444	559	473	633	
620	408	564	490	573	626	417	487	
431	651	664	515	503	568	459	531	
590	472	611	658	615	570	562	423	
419	630	564	518	657	421	503	562	
654	449	584	509	621	538	505	480	
618	493	557	473	523	658	601	458	
634	557	449	424	493	662	558	586	
417	596	492	477	645	530	442	561	
615	531	572	636	566	499	533	639	
567	471	416	502	612	523	439	672	
555	430	599	480	418	548	667	623	
428	554	666	483	629	456	577	655	
602	504	666	429	470	626	479	584	
640	624	555	494	446	633	519	672	
605	646	566	440	664	556	444	652	
666	438	456	614	437	618	561	549	
577	608	653	444	543	475	609	491	
457	659	570	669	632	512	571	446	
665	441	495	422	486	583	523	658	
438	655	499	544	601	454	623	546	
651	492	557	413	659	516	440	579	
564	624	430	506	414	598	516	453	
410	477	517	638	456	613	582	634	
647	627	521	572	430	607	660	505	
423	564	636	498	609	672	601	433	
615	459	547	638	634	510	454	571	
481	610	459	539	630	474	592	411	
578	470	535	662	579	428	522	635	
455	525	665	576	443	505	587	491	
575	657	434	539	460	560	624	449	
566	657	426	462	495	548	424	614	
593	526	654	414	456	596	533	527	
411	563	602	484	576	424	637	482	
436	594	660	507	616	552	448	407	
598	653	447	528	591	412	636	513	
500	505	568	437	423	584	423	488	
653	545	599	498	459	539	597	493	
527	431	594	660	456	603	519	517	
513	461	669	569	633	584	423	527	
544	596	445	646	434	548	483	642	
653	427	524	632	433	641	672	617	
419	536	659	485	551	421	624	422	
567	669	417	478	450	663	450	560	
663	407	636	495	630	432	610	569	
432	566	602	672	632	543	437	589	
578	564	651	444	625	550	471	512	
496	543	659	414	636	507	456	667	
511	447	666	574	539	421	486	462	
643	480	422	559	646	592	448	543	
465	597	546	644	444	616	492	516	
653	543	429	457	565	648	627	464	
594	422	665	618	410	528	481	575	
658	448	563	500	643	417	509	569	
631	522	441	573	426	574	444	671	
641	499	559	410	527	471	580	421	
619	485	440	564	590	409	543	446	
482	531	630	427	435	553	662	610	
672	461	518	537	556	585	449	526	
418	488	613	521	464	562	408	648	
559	502	672	445	520	650	440	573	
669	506	658	572	645	429	537	549	
626	511	667	450	581	641	488	426	
512	525	428	415	465	414	498	642	
606	668	468	530	615	484	614	454	
426	490	631	649	540	449	432	658	
465	533	667	658	450	591	505	538	
595	464	638	672	569	659	484	445	
666	465	631	532	510	463	414	606	
511	584	651	445	644	577	464	520	
588	668	571	434	538	492	531	603	
502	520	650	601	626	407	510	456	
646	457	578	641	643	510	407	569	
671	524	482	583	638	411	509	588	
657	531	644	565	469	632	630	409	
638	514	429	577	599	659	467	629	
555	483	624	428	499	420	574	670	
453	646	625	417	655	431	490	524	
634	531	464	583	612	469	415	631	
588	487	517	651	567	608	435	493	
650	462	596	427	513	445	663	598	
557	409	631	507	441	665	631	527	
564	496	452	634	573	485	625	672	
499	641	455	448	536	452	408	671	
409	558	635	490	430	484	513	650	
669	529	530	435	635	495	557	439	
479	621	412	556	632	562	412	537	
477	611	666	418	526	654	584	413	
527	522	661	456	420	599	508	656	
543	672	424	419	647	532	582	486	
600	515	605	430	447	518	647	430	
527	660	603	456	640	416	586	488	
629	448	549	407	560	528	621	447	
463	655	539	594	613	454	532	468	
635	514	429	672	639	558	573	508	
507	514	639	422	514	451	639	410	
493	417	611	554	494	432	651	575	
461	622	410	669	513	565	612	548	
568	425	524	658	535	629	478	430	
518	622	413	580	609	473	660	475	
619	425	486	582	574	465	639	413	
586	644	458	414	606	560	626	464	
542	439	619	668	617	541	509	427	
505	619	566	437	568	661	437	500	
614	441	485	559	465	417	570	589	
489	586	488	624	435	637	413	486	
435	599	547	660	651	484	407	535	
443	525	660	566	440	509	424	653	
510	631	418	667	545	435	665	628	
470	617	550	429	473	647	409	538	
550	487	618	420	495	635	450	415	
557	427	547	484	562	445	646	597	
523	658	596	472	577	412	497	637	
555	669	641	423	576	649	479	410	
515	605	546	418	518	583	665	466	
422	562	601	617	438	548	653	473	
472	579	538	438	447	407	571	644	
494	662	597	417	545	510	453	600	
510	667	462	563	579	524	654	512	
587	461	498	619	518	605	662	472	
464	669	537	496	634	524	585	472	
456	549	662	502	568	672	458	436	
466	590	526	638	642	475	580	415	
631	521	410	447	471	434	541	598	
601	477	663	411	484	586	470	412	
440	535	603	664	654	546	414	668	
499	646	532	559	514	412	652	660	
653	447	530	593	521	463	652	482	
547	450	641	409	638	531	408	579	
617	427	483	672	549	628	458	422	
642	493	565	583	647	532	599	416	
468	608	531	417	672	537	604	473	
646	475	564	407	444	506	575	493	
628	460	570	624	665	468	609	580	
473	408	652	522	413	608	645	502	
545	491	599	672	475	515	540	593	
567	519	438	427	612	460	514	585	
515	481	625	422	561	595	535	499	
414	646	491	646	537	445	625	473	
607	523	552	408	564	459	672	605	
464	579	639	665	418	479	547	611	
590	542	450	415	641	479	571	616	
480	592	428	526	433	448	654	569	
556	655	432	468	632	461	562	407	
622	458	420	523	562	428	488	654	
408	524	459	511	638	520	445	528	
454	512	596	667	641	502	556	594	
462	635	592	537	412	582	494	663	
605	545	561	437	488	489	612	658	
566	668	418	664	642	485	419	579	
598	418	501	417	560	407	498	662	
533	643	602	407	513	569	441	423	
410	593	501	535	594	615	476	424	
444	530	642	517	509	622	568	431	
595	662	494	429	667	625	452	512	
657	482	555	427	516	419	602	664	
527	554	659	445	439	594	531	664	
648	541	579	407	513	601	423	660	
639	480	545	488	556	448	653	496	
624	573	482	443	578	481	418	633	
663	464	574	586	631	441	661	480	
466	657	572	407	665	609	455	536	
643	526	465	581	583	478	408	408	
644	522	470	413	574	463	617	624	
668	556	480	428	560	490	648	422	
625	466	431	509	631	572	518	449	
514	586	415	649	471	569	514	629	
630	504	423	570	510	556	659	471	
571	656	475	421	608	485	414	536	
506	485	643	591	649	450	503	596	
606	458	648	667	527	450	621	425	
428	500	655	457	490	561	459	601	
456	568	640	550	474	560	652	428	
653	562	524	447	591	582	416	533	
614	577	495	556	588	667	610	473	
515	447	660	609	575	483	663	645	
607	418	525	665	593	632	467	518	
487	670	413	609	502	572	490	649	
624	449	544	449	642	419	590	477	
641	512	428	557	443	581	490	660	
601	635	453	516	590	537	443	646	
438	619	554	484	552	607	457	483	
491	429	455	603	554	543	466	654	
589	487	415	651	569	640	490	423	
623	500	562	412	413	650	583	495	
596	650	470	419	484	429	545	614	
606	435	480	551	443	663	555	430	
597	626	454	508	524	652	451	580	
498	534	639	436	612	670	417	574	
575	448	457	527	663	482	624	559	
509	457	614	670	536	470	498	414	
672	410	512	548	427	633	664	594	
509	421	657	595	648	494	582	560	
662	547	524	484	486	654	413	562	
619	488	461	519	476	633	517	572	
414	594	502	619	609	485	415	540	
639	421	561	564	482	622	628	531	
576	659	427	468	595	433	493	452	
671	617	445	509	446	641	570	517	
510	626	416	669	627	447	442	530	
423	492	641	575	647	436	532	592	
654	529	564	440	536	433	604	480	
617	476	612	547	624	527	531	590	
630	501	582	440	410	517	648	579	
637	531	455	671	454	669	411	496	
545	626	497	491	648	442	552	587	
653	464	601	536	579	433	539	598	
587	458	653	607	467	659	620	427	
624	672	421	564	613	545	413	475	
636	550	467	650	597	431	594	658	
526	649	459	670	582	412	575	486	
482	655	614	414	448	588	652	537	
461	625	434	604	627	446	550	493	
511	507	599	453	528	649	412	545	
467	651	433	551	535	433	603	639	
427	526	477	665	423	555	460	610	
642	543	474	481	603	555	455	410	
627	421	655	484	651	631	495	417	
670	583	445	617	587	481	659	537	
596	547	647	490	616	525	516	665	
631	445	590	513	543	637	672	452	
423	609	565	442	671	613	465	665	
597	445	637	518	488	584	638	417	
562	550	439	646	458	578	610	524	
590	559	444	436	609	485	530	670	
584	647	638	440	460	646	551	580	
604	442	498	531	412	564	472	548	
581	641	490	486	445	670	506	494	
516	637	574	434	431	474	552	644	
498	529	656	414	647	595	447	575	
549	501	413	594	625	548	542	414	
476	549	603	664	575	449	632	651	
458	540	609	661	602	472	531	671	
407	659	480	564	529	409	447	616	
562	518	459	671	578	633	424	488	
463	527	661	574	622	569	428	474	
614	480	656	410	600	606	449	523	
646	459	420	602	605	505	652	446	
642	661	583	488	428	519	651	461	
622	473	501	539	546	585	640	606	
630	558	521	407	588	660	534	431	
663	535	603	432	665	418	481	642	
635	444	542	656	573	492	536	650	
498	645	580	561	444	643	531	562	
411	622	643	483	443	535	650	622	
555	415	621	672	596	663	523	470	
473	539	623	413	663	577	543	427	
428	599	506	518	430	594	540	666	
497	637	649	518	533	662	447	609	
597	477	529	409	548	624	444	409	
481	426	672	610	532	664	446	611	
510	468	577	644	520	455	668	639	
418	525	629	433	545	650	456	420	
667	517	591	469	530	409	612	565	
502	622	558	459	443	540	605	654	
411	538	656	478	491	603	419	522	
475	585	603	443	654	451	564	653	
533	590	473	650	617	546	492	426	
453	610	567	662	548	479	671	610	
595	506	671	420	418	605	505	583	
437	643	548	510	531	671	591	441	
408	417	519	585	489	414	642	543	
440	532	670	574	417	582	435	517	
465	628	583	517	471	427	664	602	
666	633	462	453	479	577	520	626	
547	474	612	427	628	525	462	407	
594	458	655	543	483	616	662	410	
534	672	530	422	464	544	660	603	
517	571	423	667	671	609	596	530	
629	578	485	541	507	530	624	437	
431	518	569	420	493	668	608	428	
650	520	575	462	468	461	597	536	
599	553	668	502	548	428	632	452	
577	519	618	424	654	437	520	595	
609	429	432	497	521	501	635	437	
669	522	572	455	627	419	495	542	
447	634	489	561	517	473	633	430	
618	455	453	537	423	659	478	549	
495	581	412	596	479	555	424	432	
445	561	611	662	486	591	545	536	
653	477	568	549	432	483	659	605	
410	665	596	524	594	462	653	523	
431	613	486	554	497	663	561	448	
667	563	480	595	410	512	556	463	
425	653	490	550	622	467	668	408	
437	669	623	452	526	491	455	559	
465	668	536	591	480	658	447	553	
421	634	591	475	465	410	559	508	
600	542	653	490	514	644	531	416	
641	521	607	436	648	525	430	571	
420	440	645	593	410	543	472	657	
627	486	590	518	655	547	636	458	
560	641	458	502	418	668	522	605	
635	502	554	472	472	670	415	527	
460	668	548	563	615	630	494	564	
635	481	663	579	603	662	550	642	
574	503	434	656	436	409	591	665	
628	515	438	661	631	568	489	440	
525	456	619	577	415	564	651	516	
622	436	489	550	664	429	564	449	
441	421	569	612	531	630	436	473	
544	604	471	659	522	497	575	635	
478	551	573	445	421	573	508	653	
534	602	497	650	630	438	569	560	
629	548	657	422	670	554	617	417	
639	495	576	447	658	454	526	487	
650	430	569	667	600	499	427	639	
480	598	452	665	492	609	559	428	
484	439	514	593	635	559	464	472	
505	623	414	581	560	501	621	428	
503	622	521	570	601	663	485	546	
600	672	410	553	577	521	641	418	
420	636	534	488	551	605	427	570	
638	566	492	424	555	633	498	494	
431	473	613	557	446	600	543	446	
482	410	537	602	502	558	461	622	
667	504	433	577	408	503	469	667	
656	447	561	594	497	592	419	452	
624	464	572	488	416	521	666	603	
452	574	661	410	555	493	642	437	
648	493	568	621	439	561	663	635	
475	668	608	416	420	501	601	643	
415	619	564	407	654	608	498	413	
429	628	479	549	626	492	572	412	
613	485	574	522	629	571	474	428	
590	418	532	650	491	572	592	434	
653	594	469	478	426	600	663	485	
520	591	665	435	653	544	463	616	
457	614	549	481	560	662	434	478	
528	474	638	411	428	515	605	457	
545	419	648	663	525	493	586	464	
646	585	529	453	410	531	638	601	
594	507	658	408	514	428	578	588	
440	571	649	613	474	661	590	416	
441	629	448	493	460	557	421	553	
585	432	637	531	420	652	504	574	
490	542	585	422	546	634	452	497	
656	583	466	523	580	504	528	669	
642	590	468	464	418	473	619	492	
594	620	668	500	508	576	436	507	
494	615	430	541	432	663	475	550	
658	545	475	626	522	574	425	440	
552	650	608	452	407	596	593	480	
596	672	602	445	530	586	655	672	
531	437	586	619	503	644	453	671	
422	534	615	452	430	617	520	648	
503	590	440	616	641	566	500	569	
618	638	546	428	612	560	669	444	
528	651	411	579	611	469	565	414	
666	484	575	608	613	438	511	632	
604	655	534	453	461	520	593	423	
480	538	438	556	643	660	577	476	
592	522	429	671	638	517	420	580	
470	630	583	491	446	486	623	538	
462	437	498	634	415	493	626	524	
491	413	419	569	615	466	671	474	
448	625	545	407	576	470	581	640	
417	516	581	640	433	605	659	516	
440	427	560	645	591	408	671	498	
541	473	601	417	653	442	507	544	
577	488	420	632	535	450	595	631	
438	578	630	479	664	559	435	622	
436	573	532	599	661	452	539	468	
585	545	460	642	497	630	556	548	
537	484	431	638	442	538	649	610	
656	483	586	524	585	465	420	635	
443	558	636	583	585	511	451	545	
517	582	413	669	445	628	527	659	
634	490	614	427	507	545	599	438	
578	491	643	549	441	428	607	540	
415	422	560	487	580	525	460	653	
437	581	653	500	443	637	552	497	
460	599	535	569	554	500	409	668	
450	579	639	504	500	661	462	581	
412	547	619	457	422	621	426	522	
622	516	563	671	580	527	657	434	
527	468	585	633	546	584	473	426	
610	529	428	595	435	538	489	612	
418	630	500	566	459	578	535	605	
457	529	592	425	597	537	623	484	
597	425	536	652	591	432	646	434	
491	557	426	470	517	446	551	640	
456	613	672	532	571	436	572	490	
528	613	444	504	543	430	662	481	
541	604	429	657	623	491	417	595	
663	423	496	597	450	620	562	413	
608	438	501	546	523	586	469	608	
672	417	577	482	455	672	533	642	
410	618	562	561	541	625	469	500	
521	619	462	598	500	487	437	588	
431	612	573	507	508	587	644	529	
434	660	511	551	573	547	624	513	
635	565	459	499	581	642	469	409	
479	658	512	602	624	528	589	415	
515	439	572	667	566	647	431	479	
480	429	551	619	480	524	415	650	
621	417	424	652	590	418	642	475	
452	492	601	577	456	523	609	665	
497	561	615	468	576	422	630	474	
624	407	666	562	556	672	409	564	
568	638	479	525	563	524	449	652	
482	569	415	623	459	603	659	538	
545	602	440	464	619	485	602	437	
514	582	652	428	468	660	614	415	
413	471	621	569	667	592	508	483	
500	647	622	412	640	526	575	425	
533	467	596	671	581	470	443	641	
625	476	408	671	563	628	498	658	
537	459	623	424	432	531	652	492	
465	437	525	571	660	446	511	585	
480	550	415	503	618	465	594	655	
515	588	458	652	459	636	559	510	
537	640	672	466	568	496	627	601	
636	573	494	439	546	418	493	662	
468	559	667	622	524	420	538	631	
471	553	643	605	644	555	511	453	
659	506	584	570	645	430	532	584	
511	659	429	566	500	438	634	572	
449	426	588	546	572	661	548	473	
648	449	548	483	658	473	555	480	
561	489	667	615	641	501	574	480	
668	424	463	618	604	417	493	548	
544	657	597	447	541	412	492	595	
409	508	609	660	539	407	588	492	
491	443	614	561	610	568	483	407	
506	635	416	664	594	445	650	536	
495	528	628	424	426	670	622	498	
620	510	431	515	573	491	606	422	
491	555	440	647	534	640	440	477	
559	453	512	410	510	630	563	477	
498	665	583	516	517	575	415	554	
550	436	658	602	615	456	514	557	
660	545	499	597	535	430	490	600	
639	483	563	430	575	650	483	448	
454	578	530	459	563	616	413	508	
431	488	588	672	423	475	415	637	
610	451	490	664	463	548	416	651	
533	412	624	546	494	599	410	482	
665	485	611	559	572	478	668	642	
443	593	532	583	583	436	566	628	
512	568	623	613	460	645	583	513	
539	636	491	429	599	488	413	611	
417	496	557	495	532	437	552	666	
625	546	478	516	430	538	639	453	
665	413	664	544	541	474	671	407	
534	609	446	485	486	585	647	646	
588	521	421	651	537	668	629	459	
507	583	655	447	561	435	631	456	
605	535	436	610	461	536	657	578	
544	530	645	458	435	610	639	523	
410	646	561	496	427	627	669	565	
669	441	561	503	569	489	639	608	
556	425	657	493	669	577	417	499	
470	506	581	603	546	485	423	621	
493	628	449	544	545	619	449	641	
500	652	597	441	469	561	521	421	
602	647	432	527	421	587	644	534	
500	631	411	595	485	565	640	469	
641	527	413	590	558	591	451	609	
480	571	621	639	466	631	525	408	
425	453	579	672	443	588	512	670	
428	497	560	541	510	428	579	635	
462	515	422	664	656	410	546	479	
619	563	411	632	635	425	556	496	
482	482	645	648	654	650	559	430	
617	657	459	563	666	599	653	422	
465	557	596	666	439	509	604	660	
457	632	407	580	426	570	655	490	
644	418	518	581	629	546	669	455	
462	499	585	650	424	497	561	655	
586	485	663	416	649	484	578	432	
614	475	635	534	491	568	408	641	
539	638	411	472	457	668	661	516	
638	592	445	525	611	429	553	509	
490	559	672	584	452	496	521	618	
590	449	646	668	603	508	504	668	
484	614	424	435	430	629	555	555	
563	640	443	523	470	623	576	524	
635	575	431	496	628	526	443	480	
624	421	500	526	458	646	576	471	
519	441	592	657	431	541	631	582	
456	510	598	425	596	450	542	458	
498	535	645	439	496	610	509	443	
414	529	645	589	515	590	412	563	
437	536	602	493	502	576	639	459	
526	407	487	579	639	532	569	450	
445	463	500	653	412	599	550	475	
598	530	452	635	640	469	433	545	
656	561	426	483	567	440	537	605	
468	484	624	530	608	517	421	629	
458	537	635	671	619	480	588	420	
650	567	613	483	648	517	573	410	
508	612	414	667	667	602	455	512	
641	446	533	654	483	568	652	429	
495	416	468	578	543	418	616	470	
408	555	621	660	618	512	432	528	
546	625	428	579	431	643	487	602	
452	647	553	617	587	648	503	569	
513	431	672	430	412	474	598	548	
483	465	560	645	443	496	656	651	
595	667	451	516	615	481	417	628	
494	571	432	618	493	589	604	425	
588	484	571	424	578	640	458	423	
595	492	668	428	644	443	621	565	
584	446	599	669	636	545	486	577	
672	426	604	510	502	410	562	589	
580	497	446	672	464	482	630	658	
485	625	429	565	588	534	471	672	
541	620	493	408	553	648	444	595	
504	587	616	543	558	496	427	621	
503	646	631	588	518	466	667	578	
580	466	656	622	556	629	577	470	
474	598	542	446	463	411	665	566	
425	659	556	561	594	530	446	649	
512	437	615	574	587	621	493	436	
463	542	453	622	442	641	533	585	
507	616	448	579	435	566	469	633	
571	420	670	512	586	500	447	643	
670	549	424	455	447	572	508	621	
481	557	498	601	636	447	548	512	
568	656	485	478	548	628	567	456	
415	598	649	607	422	479	520	600	
483	638	431	578	493	643	418	564	
494	427	641	503	611	552	638	500	
597	528	477	422	412	543	656	461	
528	443	642	605	540	453	417	550	
520	410	587	652	648	549	412	505	
539	628	427	486	416	518	641	578	
498	597	536	662	474	570	625	413	
559	420	507	632	610	554	413	467	
543	473	639	660	535	663	472	632	
606	449	604	537	539	635	425	495	
423	583	528	652	434	618	606	526	
473	579	659	440	537	539	413	589	
572	516	631	424	536	558	632	494	
463	541	419	632	497	547	646	429	
547	663	423	618	604	408	508	560	
594	662	482	427	484	419	625	568	
530	416	493	656	622	581	438	439	
652	459	420	631	470	639	408	528	
490	605	468	413	634	581	458	410	
474	533	593	495	567	493	473	644	
462	575	647	464	603	526	469	663	
477	602	435	555	646	552	491	545	
559	642	504	426	484	546	570	425	
520	419	566	486	586	476	636	421	
659	553	446	610	669	457	509	582	
474	614	547	432	422	633	593	525	
412	467	660	568	480	415	663	609	
536	434	590	550	525	623	570	667	
550	650	490	431	427	629	498	615	
475	562	593	428	647	528	416	487	
623	544	493	416	544	664	468	452	
640	566	491	645	550	433	480	613	
504	665	416	434	415	672	517	464	
409	458	610	472	427	546	637	485	
459	575	488	659	665	570	488	409	
589	512	429	559	537	642	418	474	
555	642	450	538	648	415	503	472	
666	469	598	577	566	605	496	628	
451	667	558	611	606	499	437	667	
532	425	616	647	494	442	571	653	
458	527	663	595	671	557	671	438	
453	538	595	669	612	557	471	493	
423	646	598	505	568	430	492	662	
408	483	576	462	617	436	447	534	
644	447	546	616	455	587	496	652	
423	554	608	658	566	508	659	542	
581	648	587	452	509	667	538	443	
535	410	584	645	464	653	545	413	
452	647	549	635	497	425	588	670	
434	583	488	622	542	593	510	410	
451	530	661	607	457	600	661	552	
659	558	419	487	653	411	595	485	
615	521	460	571	671	421	607	498	
593	658	467	414	509	604	558	618	
531	469	419	582	420	574	647	498	
584	619	410	667	511	441	595	662	
599	556	497	411	454	550	441	663	
672	427	419	616	412	570	653	493	
581	630	437	504	408	591	514	465	
541	663	559	414	609	497	451	424	
482	608	528	419	594	661	482	428	
517	595	641	463	449	580	501	642	
554	450	640	583	544	597	415	634	
