L1	L2	L3	L4	R1	R2	R3	R4	
629	525	473	555	548	444	429	601	
622	464	546	669	525	652	438	499	
469	623	409	635	615	554	655	512	
460	529	438	519	658	559	431	561	
531	435	529	666	533	458	597	666	
650	536	627	415	509	452	549	650	
478	565	622	560	570	504	407	620	
483	657	473	592	456	622	548	590	
427	566	635	462	602	469	557	422	
534	656	443	560	411	429	522	518	
605	662	527	422	450	585	514	658	
513	450	411	667	467	612	410	591	
574	410	658	489	484	595	523	613	
669	429	524	581	458	647	517	553	
543	647	594	418	605	476	531	417	
458	519	418	667	501	643	420	565	
506	667	579	490	410	578	505	448	
480	548	662	429	552	504	648	437	
454	506	634	512	579	559	433	616	
481	561	444	653	458	554	411	582	
607	557	509	648	482	642	571	590	
514	582	643	456	430	472	671	609	
615	583	439	500	612	445	508	668	
535	413	615	655	648	661	460	607	
621	438	634	551	450	414	613	671	
666	563	409	486	556	490	657	411	
545	462	582	629	533	595	428	532	
408	484	420	610	467	650	584	521	
486	671	604	545	607	646	666	515	
579	421	666	531	552	646	519	456	
509	613	420	560	516	603	672	572	
541	642	450	598	538	437	644	499	
585	429	506	666	581	480	643	628	
523	666	599	433	454	560	552	640	
585	644	516	577	448	509	428	572	
456	541	656	419	443	629	505	564	
465	446	558	498	492	412	566	469	
523	466	616	638	634	515	469	578	
417	562	473	496	615	519	459	560	
492	443	604	649	506	662	451	558	
496	534	623	635	604	648	513	598	
597	539	459	654	444	512	409	597	
599	448	631	542	597	487	535	667	
543	483	660	615	511	436	567	633	
436	548	652	614	612	500	655	444	
646	572	462	523	531	469	605	415	
575	646	438	588	523	569	466	628	
574	515	416	432	611	658	572	489	
469	669	540	420	628	508	416	555	
665	597	437	517	527	626	477	458	
552	654	427	493	468	627	558	482	
637	522	422	576	560	640	649	502	
529	469	599	420	574	509	560	445	
615	555	475	614	490	566	658	424	
619	581	419	663	491	433	597	620	
468	623	562	450	646	468	518	587	
408	627	436	570	413	601	408	540	
482	632	580	413	424	515	638	581	
528	623	410	466	630	521	559	428	
584	603	461	518	495	653	416	559	
446	530	606	615	558	428	630	490	
488	576	633	544	614	542	437	484	
556	479	428	667	537	408	641	589	
462	619	522	417	655	591	421	477	
599	534	411	664	588	471	458	655	
440	616	490	672	482	542	420	601	
413	529	613	671	635	473	513	587	
599	563	454	665	590	556	501	454	
668	471	594	543	562	515	472	658	
508	640	602	415	548	442	490	660	
458	666	582	486	569	410	509	653	
632	475	572	530	440	649	508	576	
592	533	410	667	626	451	540	447	
528	587	661	452	539	426	594	619	
643	425	501	581	439	585	658	523	
446	669	417	616	642	501	649	498	
597	516	670	612	447	462	597	531	
668	476	415	542	479	549	667	452	
429	607	657	538	627	540	439	491	
592	424	654	537	624	448	503	562	
626	541	425	482	495	432	654	600	
613	459	551	612	439	554	622	486	
568	633	409	440	636	408	542	460	
502	634	558	427	507	580	639	547	
582	652	461	529	567	634	434	509	
460	521	671	585	472	586	520	653	
463	593	528	434	661	512	428	672	
540	641	454	535	425	580	609	477	
491	567	478	409	463	644	408	484	
662	454	609	528	535	415	658	484	
586	425	542	672	482	632	531	604	
511	642	587	585	416	614	531	467	
595	510	654	447	516	435	520	629	
529	419	534	604	537	454	616	631	
572	411	625	495	649	468	593	525	
433	653	601	546	438	555	519	645	
446	510	655	570	660	455	596	541	
538	471	527	437	541	640	484	515	
524	660	591	438	649	489	576	410	
596	498	671	450	616	474	491	555	
442	556	631	512	524	632	438	464	
485	584	636	424	575	472	629	460	
412	668	611	484	557	467	634	665	
622	463	455	503	572	654	504	416	
583	640	468	413	510	648	597	664	
590	480	663	536	535	436	651	489	
422	650	478	611	458	432	612	590	
653	453	599	641	467	571	548	435	
672	554	471	612	459	437	531	622	
651	502	502	443	436	500	601	652	
526	451	598	497	578	499	418	649	
564	627	456	563	457	520	582	637	
503	653	611	451	554	640	432	490	
625	435	584	493	469	421	603	418	
533	638	467	409	414	471	426	591	
566	526	648	512	536	433	582	669	
515	649	537	418	519	575	657	447	
464	535	620	661	592	487	539	454	
484	506	580	600	635	548	418	453	
587	536	412	602	638	493	416	586	
424	642	437	594	463	549	614	665	
610	461	660	506	552	653	439	411	
528	484	427	602	419	502	640	557	
657	488	535	661	598	492	526	658	
407	644	554	483	594	426	538	621	
453	630	411	549	494	612	448	648	
562	413	422	530	567	426	489	476	
521	446	606	616	457	513	622	413	
631	644	489	437	559	570	470	655	
441	631	460	525	662	662	540	484	
515	621	431	593	426	500	469	640	
620	505	423	558	469	646	521	578	
650	514	440	446	568	459	635	666	
417	564	486	512	635	488	413	452	
521	442	666	576	570	596	412	650	
626	595	516	432	528	429	611	641	
574	417	633	507	586	468	647	409	
415	671	498	585	553	442	670	604	
601	474	469	522	450	566	647	550	
616	488	432	555	579	492	651	539	
621	541	652	422	475	646	470	538	
417	521	595	630	562	632	507	599	
568	664	462	458	575	485	408	519	
520	555	470	427	634	565	627	487	
542	410	452	612	567	606	436	531	
464	637	530	424	547	442	494	662	
619	462	533	506	576	525	443	622	
519	426	601	661	605	665	407	533	
635	480	597	546	454	609	493	547	
467	660	609	497	659	448	606	469	
652	515	439	569	661	522	467	606	
524	432	597	580	483	411	597	481	
557	642	451	426	561	637	467	628	
455	522	670	601	664	586	480	449	
570	451	643	497	423	546	492	643	
501	477	434	590	498	590	409	671	
443	656	583	541	421	521	575	651	
619	481	601	549	486	635	544	420	
644	576	463	623	527	630	411	534	
629	451	509	585	594	534	659	464	
500	611	458	659	537	579	439	600	
633	458	531	436	565	441	603	508	
553	472	607	647	480	554	456	607	
480	423	608	531	519	602	414	653	
443	563	516	660	547	413	468	625	
558	665	530	611	640	440	654	537	
521	567	581	634	603	627	573	408	
459	652	557	609	637	438	507	536	
662	656	573	575	556	446	507	605	
606	411	522	615	560	508	617	669	
549	480	429	641	521	417	575	647	
575	533	642	451	614	479	671	407	
415	523	550	629	457	421	526	578	
511	414	641	472	547	599	487	654	
455	437	612	510	516	473	631	557	
549	449	608	637	582	533	420	642	
590	575	657	519	531	626	413	477	
561	413	506	666	512	661	415	467	
562	476	581	665	559	663	460	604	
510	430	595	608	467	555	645	568	
476	576	408	654	555	643	443	593	
627	534	461	590	452	634	467	550	
608	446	493	579	632	669	437	540	
497	637	499	428	439	671	518	571	
423	503	629	672	447	494	616	552	
446	645	597	481	600	531	421	430	
537	421	607	483	436	622	552	494	
638	575	409	502	495	634	427	571	
637	588	514	517	543	670	601	507	
433	581	489	669	557	433	672	519	
479	562	624	425	544	449	661	574	
412	506	619	451	423	476	635	533	
644	577	431	443	492	432	630	548	
478	507	618	425	440	512	652	516	
602	609	517	431	627	665	578	551	
428	521	625	467	421	589	487	649	
615	418	516	407	568	444	653	427	
617	572	503	459	579	424	672	545	
611	515	672	455	540	466	595	411	
598	452	654	533	597	452	660	658	
593	418	471	444	436	516	656	603	
532	472	655	412	564	672	516	408	
645	436	543	660	480	504	625	570	
498	604	577	414	605	569	494	427	
645	560	411	426	558	487	658	413	
605	562	411	626	515	665	454	427	
601	546	485	426	456	602	658	410	
541	483	622	443	585	494	411	639	
552	626	476	465	453	604	413	666	
588	431	630	475	426	479	630	576	
629	559	454	502	495	627	428	562	
555	592	415	644	452	432	663	534	
550	469	446	606	452	601	547	638	
433	518	615	647	454	613	417	498	
536	645	458	444	539	562	465	658	
496	658	441	581	409	586	461	669	
612	562	430	663	538	660	502	463	
423	596	510	416	470	584	529	655	
429	590	498	525	473	662	532	609	
500	637	509	614	491	420	529	650	
433	532	656	595	586	438	486	648	
546	605	483	408	496	612	420	548	
462	619	565	664	453	579	639	508	
515	620	522	417	510	452	588	671	
432	664	487	571	420	651	512	583	
425	613	671	523	523	507	439	600	
581	533	433	648	657	531	598	435	
583	440	632	504	593	631	489	409	
612	512	587	445	513	656	575	468	
628	663	573	411	430	535	597	667	
508	596	448	554	490	625	632	434	
518	575	658	453	643	554	465	417	
635	595	455	552	648	487	565	431	
578	631	420	526	492	440	620	556	
425	624	563	503	581	529	662	445	
532	429	641	590	516	450	561	667	
455	627	511	641	646	470	520	585	
633	445	550	432	602	537	538	429	
624	501	543	407	420	561	646	537	
625	545	670	446	634	537	586	491	
592	525	443	500	478	666	553	431	
584	422	438	526	613	576	632	416	
510	614	608	666	667	501	435	619	
663	479	580	446	520	641	574	422	
483	544	632	658	639	430	511	567	
533	444	638	554	612	668	448	566	
436	629	526	434	497	587	430	639	
539	413	662	622	428	540	590	661	
637	486	569	411	431	484	649	535	
599	421	654	477	659	599	416	502	
433	567	517	613	534	449	672	598	
640	562	494	527	601	642	563	448	
531	418	639	456	517	632	434	569	
624	573	412	506	512	591	671	440	
651	618	556	443	665	559	437	493	
623	449	533	418	572	633	522	415	
562	509	432	646	643	450	644	541	
450	612	469	663	607	476	521	573	
417	515	592	567	557	624	446	547	
482	423	577	650	601	630	657	513	
672	575	457	634	557	435	501	641	
634	596	454	520	604	497	428	507	
445	513	524	659	573	639	500	476	
423	588	648	660	579	409	466	471	
547	661	525	488	479	591	409	670	
472	462	614	547	583	429	493	661	
547	473	481	573	463	564	510	415	
565	666	459	492	597	515	480	458	
544	597	588	466	408	671	537	439	
596	667	428	507	624	498	446	566	
438	552	627	631	417	631	577	521	
643	584	448	531	419	524	646	510	
564	634	489	438	649	555	540	453	
523	655	424	616	514	501	617	455	
609	480	520	407	644	543	464	594	
512	598	442	658	558	451	516	614	
639	537	481	570	434	469	605	614	
662	498	551	630	494	411	592	513	
422	625	547	455	526	652	607	477	
608	411	554	671	513	591	429	671	
428	523	609	613	648	457	563	516	
644	572	444	504	666	518	430	613	
516	621	461	643	538	499	417	572	
524	463	583	654	421	636	521	604	
552	671	497	628	417	504	567	644	
422	531	667	583	636	436	490	582	
412	564	585	494	651	597	467	412	
474	621	577	554	630	573	421	525	
568	423	525	626	451	595	665	543	
424	598	496	542	492	620	438	652	
552	506	422	456	558	662	600	461	
634	468	518	412	538	487	432	615	
619	472	420	517	514	601	510	664	
581	527	612	408	528	616	423	658	
603	465	480	634	594	619	538	479	
407	531	587	481	422	650	421	535	
616	663	548	523	573	594	636	408	
612	553	594	500	499	430	654	573	
530	443	587	426	562	542	637	413	
486	641	425	550	473	559	654	412	
413	567	497	664	595	499	422	647	
488	423	536	653	510	667	610	460	
610	450	649	586	658	476	544	594	
614	553	437	655	435	484	480	624	
444	510	633	559	588	528	427	645	
606	557	441	508	600	416	564	664	
491	535	640	436	496	550	451	642	
473	564	619	672	575	414	635	426	
562	616	416	494	672	598	608	419	
586	663	511	570	409	600	558	654	
623	508	569	420	567	422	672	504	
546	636	439	493	448	624	496	560	
591	663	423	468	522	668	458	578	
470	421	672	556	513	592	662	496	
422	615	483	656	470	589	538	660	
451	573	520	654	643	473	565	415	
595	659	481	496	642	529	517	472	
555	631	461	589	508	603	594	432	
457	620	533	539	470	417	561	583	
432	610	488	524	529	415	457	616	
590	656	547	518	610	528	415	635	
526	561	447	662	478	616	528	655	
669	594	431	515	459	524	566	618	
489	548	606	427	454	511	587	418	
587	460	505	560	449	438	574	637	
416	526	628	488	634	544	468	488	
658	517	496	597	466	407	522	644	
553	436	640	415	422	600	505	557	
466	612	533	407	534	634	427	628	
490	561	583	672	567	468	523	670	
613	467	655	479	599	526	420	467	
441	664	621	531	418	558	671	660	
440	533	657	616	570	625	521	633	
649	546	545	426	636	440	517	510	
594	431	568	662	526	584	426	672	
650	498	566	655	433	667	619	527	
498	415	545	642	452	606	507	515	
499	608	630	414	510	614	415	542	
517	452	576	660	476	415	650	573	
466	544	410	647	448	464	564	516	
507	424	650	571	427	557	440	614	
567	428	655	520	627	559	455	434	
623	436	491	539	478	542	657	579	
448	606	639	555	559	639	492	517	
672	579	469	522	571	644	495	450	
476	414	502	655	564	655	580	487	
669	624	408	514	479	555	625	410	
411	487	658	558	540	593	490	627	
451	616	524	420	588	646	536	415	
531	455	627	421	536	656	415	465	
599	666	491	553	408	653	558	421	
489	427	589	541	639	508	477	590	
645	505	451	422	437	518	670	596	
552	659	432	512	536	416	645	463	
670	452	504	626	417	570	627	503	
508	415	492	644	625	652	576	470	
615	502	550	440	514	566	469	429	
605	462	480	537	496	600	569	445	
509	428	644	563	632	585	518	419	
545	624	553	611	641	570	499	626	
635	415	523	660	551	608	438	595	
590	421	625	480	435	616	512	618	
511	649	423	562	609	478	659	542	
644	538	542	468	497	440	591	665	
648	550	471	434	418	663	552	483	
432	547	634	479	587	665	422	470	
424	521	653	614	479	536	617	435	
613	427	667	523	491	428	436	650	
444	496	541	576	478	620	517	570	
424	549	668	622	432	539	631	479	
548	439	663	487	581	492	435	652	
607	672	423	534	598	461	524	623	
451	662	470	528	476	576	630	418	
565	485	615	428	466	586	442	509	
416	555	468	607	472	590	498	654	
434	458	662	507	590	415	512	627	
664	539	609	446	645	519	606	420	
426	484	432	602	568	426	662	524	
609	524	434	457	604	515	466	419	
473	547	617	421	474	612	558	619	
462	610	517	516	602	599	415	547	
470	637	569	548	649	542	455	594	
669	610	412	497	611	488	480	655	
610	554	610	430	663	460	593	451	
600	517	412	462	622	507	537	414	
562	448	604	475	617	413	554	510	
439	625	447	507	637	543	489	664	
670	564	418	496	620	458	668	575	
507	445	671	595	571	519	665	521	
657	559	415	482	575	642	480	421	
507	454	597	663	608	667	566	480	
536	496	435	445	479	523	595	414	
469	551	639	411	496	546	445	661	
436	534	671	627	552	464	643	646	
577	510	508	413	460	413	620	478	
491	627	570	670	573	471	505	635	
438	611	542	634	440	491	624	597	
606	536	669	448	499	629	553	428	
598	451	524	656	629	561	459	418	
528	598	466	653	448	645	574	645	
536	642	454	604	567	614	441	514	
487	607	590	668	584	660	437	496	
637	413	548	463	418	637	602	491	
407	453	529	657	550	436	624	502	
531	669	498	611	647	558	430	490	
446	530	626	565	541	436	651	524	
427	541	624	659	615	470	415	533	
599	600	417	544	468	429	593	668	
485	671	475	411	416	470	663	574	
493	446	606	668	481	581	525	417	
641	547	487	604	558	626	498	412	
492	437	672	564	484	594	656	422	
635	550	498	570	567	435	540	413	
451	638	562	538	494	524	587	409	
436	408	589	668	627	577	497	409	
658	527	592	467	655	454	520	474	
666	462	506	639	479	645	423	586	
464	550	611	517	437	541	668	546	
479	415	431	558	640	458	569	419	
449	563	658	513	457	548	621	417	
623	569	531	452	635	478	574	407	
525	587	471	414	570	609	670	429	
546	446	488	669	564	415	649	469	
621	538	480	412	554	475	593	643	
478	420	499	642	561	510	447	660	
574	661	519	452	463	586	652	614	
662	477	423	607	443	562	630	510	
574	617	649	431	607	462	509	564	
620	655	560	439	496	655	616	444	
614	559	475	409	593	671	517	540	
475	623	517	448	527	436	561	605	
649	533	470	603	514	592	576	413	
642	441	522	650	671	631	445	585	
469	630	421	495	451	514	431	559	
651	441	561	501	591	437	515	652	
607	447	491	547	568	436	476	636	
462	533	654	656	633	581	463	461	
434	659	592	479	496	563	429	669	
421	589	650	638	488	614	550	669	
451	608	495	546	622	580	530	475	
471	668	551	532	424	510	659	598	
665	572	468	527	651	533	430	537	
427	452	665	538	418	536	545	654	
637	469	601	516	601	539	444	661	
485	637	530	416	579	650	498	421	
447	643	612	514	411	623	492	610	
483	583	427	629	574	515	569	428	
649	459	561	479	572	412	669	523	
469	641	528	655	564	661	415	474	
581	504	444	669	472	411	547	634	
420	610	481	557	670	424	595	512	
565	450	618	502	539	526	630	474	
488	597	659	542	663	552	458	491	
426	562	478	664	563	500	672	617	
665	497	546	624	427	496	556	625	
556	613	486	664	580	525	482	439	
444	616	656	544	552	631	431	476	
596	492	429	443	651	433	603	510	
671	508	457	579	431	546	670	569	
596	671	489	435	449	656	561	663	
580	637	514	666	496	637	581	432	
658	431	585	409	668	538	414	591	
476	544	443	656	621	624	583	457	
442	659	567	454	526	560	464	415	
437	624	454	571	561	478	450	661	
495	436	608	610	659	441	436	607	
632	559	412	508	421	554	619	593	
637	466	658	589	543	620	470	409	
550	479	500	581	631	563	422	600	
468	560	593	657	587	646	516	458	
522	564	599	455	521	633	659	419	
538	634	474	595	497	455	644	659	
536	437	665	436	647	480	500	609	
419	621	478	567	587	519	452	668	
579	486	425	480	527	415	612	542	
413	656	556	453	599	416	539	497	
510	445	617	551	451	591	663	523	
450	510	654	599	671	462	411	559	
510	593	670	455	604	451	503	562	
575	408	640	530	546	468	527	628	
631	419	562	482	453	603	488	672	
638	471	640	427	646	529	453	422	
648	531	556	460	593	480	622	424	
496	431	611	663	533	559	649	456	
554	503	407	672	460	625	671	565	
497	559	436	630	497	606	417	636	
584	545	496	429	622	450	551	644	
616	492	520	585	646	588	407	516	
511	448	659	493	640	420	534	605	
613	528	417	589	636	553	411	420	
503	646	584	422	525	605	421	477	
605	574	500	661	561	433	641	625	
429	555	612	498	653	466	577	649	
497	546	661	666	654	420	532	415	
626	439	524	622	641	435	577	483	
610	453	621	525	624	658	551	412	
535	491	616	555	545	632	625	506	
617	670	444	503	419	573	638	529	
645	409	512	459	520	631	445	641	
565	436	638	500	485	553	421	629	
651	464	545	496	582	442	481	540	
514	415	453	600	462	416	631	516	
590	500	670	456	610	464	551	472	
471	422	524	594	429	672	563	522	
588	472	429	545	631	429	488	555	
459	540	525	628	480	515	414	644	
667	508	407	560	576	412	432	630	
460	417	515	656	456	662	543	520	
410	464	582	671	432	633	559	494	
577	491	628	422	446	512	602	535	
410	665	479	548	595	501	665	428	
612	651	471	550	464	613	558	523	
594	461	523	607	641	550	450	456	
509	583	560	422	470	632	567	413	
443	612	569	631	550	602	444	553	
568	482	595	508	670	549	497	424	
467	553	639	424	465	606	566	651	
508	471	410	539	554	414	594	506	
447	604	653	410	567	493	421	412	
495	548	645	447	607	414	497	570	
537	647	426	450	604	551	514	666	
517	470	662	463	541	643	596	417	
531	494	657	587	574	466	653	414	
526	479	578	634	493	598	653	563	
528	514	418	653	585	429	659	485	
440	536	601	474	468	597	659	510	
503	664	587	426	522	429	663	570	
668	585	482	647	666	573	556	466	
545	477	466	655	502	660	608	430	
624	531	664	450	486	464	559	628	
590	434	462	515	598	645	467	545	
518	641	434	576	520	422	665	585	
546	444	608	661	501	509	438	655	
514	532	446	591	616	432	532	570	
634	448	418	541	420	499	637	562	
589	449	522	652	437	540	432	570	
508	592	542	421	513	659	594	533	
587	456	421	665	617	474	511	427	
463	461	609	514	438	632	526	498	
656	468	410	478	608	456	469	529	
549	615	630	448	491	606	553	416	
620	486	420	582	410	579	650	485	
460	637	486	532	482	602	415	511	
531	605	481	409	666	596	413	500	
590	455	660	541	429	560	433	483	
473	608	559	657	583	649	467	504	
429	548	494	609	593	667	499	443	
500	416	592	621	587	447	525	620	
482	531	609	428	570	413	615	505	
455	533	645	614	555	596	670	463	
432	596	415	545	537	499	590	437	
651	423	585	500	445	652	546	414	
511	670	454	562	621	530	434	437	
434	624	569	418	544	648	490	415	
588	491	663	653	638	447	509	469	
635	479	521	663	476	629	420	670	
491	647	428	648	547	623	541	493	
627	556	426	461	512	579	464	448	
602	489	656	551	459	463	562	546	
436	622	538	409	575	650	457	494	
419	487	619	542	594	417	597	503	
481	639	425	517	433	509	654	594	
582	462	665	506	555	450	607	641	
443	655	497	562	408	600	549	482	
489	456	434	644	435	572	542	633	
533	413	594	607	672	419	501	549	
413	600	513	539	504	559	558	656	
499	641	411	588	427	482	591	667	
640	408	537	603	651	594	547	423	
424	554	657	480	418	599	511	668	
592	652	573	445	418	672	623	514	
654	416	557	577	508	573	664	424	
604	663	414	472	639	464	602	512	
591	532	454	605	665	485	446	549	
412	671	625	483	468	512	631	446	
584	515	436	632	585	660	452	503	
573	519	661	631	471	605	453	419	
501	437	596	660	585	476	420	654	
626	492	412	662	579	669	435	514	
450	562	650	629	519	660	569	417	
459	613	556	657	488	426	659	654	
423	528	603	553	522	456	670	524	
644	480	599	532	500	569	594	667	
646	576	495	583	637	525	567	425	
546	637	493	605	653	587	424	509	
471	531	418	600	486	655	538	597	
409	658	554	545	465	444	550	637	
626	449	559	497	609	537	433	488	
565	650	443	499	513	666	458	599	
503	597	650	422	587	420	484	665	
486	407	545	650	561	654	411	508	
504	425	632	427	503	439	666	579	
449	548	583	468	614	432	616	494	
496	625	624	520	432	545	467	658	
523	528	436	660	588	487	492	547	
423	599	525	473	564	528	652	586	
627	591	417	421	508	647	455	560	
520	410	450	578	429	528	553	620	
660	597	510	412	540	634	433	461	
612	491	659	661	481	609	540	429	
609	533	476	409	506	568	436	640	
428	658	513	671	628	440	541	472	
500	670	443	564	433	648	528	488	
531	431	615	670	658	449	659	537	
648	454	529	613	619	416	493	433	
454	563	645	508	612	431	667	430	
434	619	463	662	451	600	521	624	
494	607	417	422	555	534	629	486	
427	510	625	580	495	570	434	622	
477	573	637	509	474	616	659	428	
669	595	430	513	549	469	627	510	
442	671	548	605	616	423	517	412	
459	635	555	428	529	447	665	480	
420	549	636	663	560	488	414	656	
628	485	412	460	620	442	646	671	
566	426	605	658	458	566	624	495	
552	602	646	407	664	430	517	595	
581	421	509	528	631	456	623	577	
641	585	456	502	536	623	461	672	
541	638	458	642	558	432	661	598	
421	569	483	626	594	534	452	458	
529	500	572	665	529	424	587	640	
434	654	518	639	463	603	642	549	
519	560	454	632	494	557	441	638	
408	637	524	625	581	554	473	448	
651	509	468	595	449	658	521	446	
635	446	510	450	537	630	424	476	
611	555	482	429	561	411	426	647	
553	500	630	581	424	516	610	670	
412	530	465	601	445	563	626	495	
481	563	671	640	596	427	520	650	
471	666	564	431	659	469	603	573	
535	462	669	590	481	520	604	423	
420	645	480	578	530	460	634	433	
535	631	574	589	578	615	484	671	
606	463	407	557	624	534	418	667	
409	485	536	650	589	495	451	649	
442	649	510	566	637	659	425	502	
433	509	637	411	411	671	579	489	
427	595	630	411	418	584	630	471	
629	471	569	433	646	418	516	561	
564	503	618	438	564	627	416	664	
559	433	616	421	422	571	591	498	
452	656	555	413	504	435	580	661	
407	580	533	461	597	523	479	547	
407	496	464	620	534	437	585	670	
474	631	419	549	578	458	663	643	
480	658	539	587	529	644	476	407	
512	423	407	582	425	521	584	645	
549	627	438	488	432	583	586	659	
511	626	450	665	473	604	537	654	
464	584	669	420	597	641	492	548	
451	547	599	658	583	463	513	456	
595	513	409	641	483	546	413	650	
523	440	622	639	438	641	600	510	
626	446	607	526	449	642	615	508	
443	645	521	603	657	469	599	578	
600	665	475	538	582	531	462	572	
415	631	486	569	585	525	654	452	
518	470	614	429	556	629	483	661	
541	617	498	432	538	661	606	437	
569	491	428	657	586	484	646	429	
563	651	476	509	553	489	602	664	
559	489	656	620	423	628	657	563	
636	409	550	608	619	543	469	466	
567	432	589	657	645	491	516	437	
426	579	503	657	619	642	495	546	
584	462	557	669	422	472	655	583	
475	603	653	533	627	526	423	594	
468	542	459	611	562	627	486	648	
568	657	604	537	660	534	486	420	
481	528	661	628	456	432	538	561	
501	499	409	660	439	556	623	491	
538	615	664	434	477	426	638	658	
433	516	569	615	501	654	599	441	
471	407	614	629	594	436	668	491	
485	548	503	633	538	435	606	672	
488	648	422	530	593	541	659	478	
667	470	582	516	444	531	462	638	
545	427	663	602	451	670	551	543	
422	626	490	547	420	643	510	539	
515	604	647	460	515	464	414	606	
494	642	415	434	574	426	652	437	
572	417	503	647	483	416	574	646	
568	634	476	486	590	649	609	479	
499	590	652	542	569	484	557	437	
594	665	560	422	654	523	454	594	
456	566	647	641	423	612	486	528	
426	518	593	639	567	616	433	515	
466	670	493	556	471	647	588	469	
569	409	638	473	622	468	457	528	
478	531	654	410	556	629	460	495	
656	418	452	598	437	611	670	542	
463	549	645	417	501	508	416	441	
613	517	630	419	496	413	597	437	
642	431	521	589	410	462	605	563	
567	668	473	657	564	459	618	672	
504	654	551	427	507	592	434	645	
644	430	662	541	498	428	577	638	
554	471	624	410	593	486	415	654	
626	442	515	538	491	579	614	425	
483	570	666	601	493	635	417	536	
634	465	639	417	579	465	602	534	
593	590	504	657	473	438	521	661	
608	422	514	523	612	438	549	418	
453	642	481	561	502	448	655	625	
487	541	661	606	491	467	414	636	
649	632	437	420	438	550	585	497	
535	617	452	639	423	538	625	564	
492	444	612	555	600	549	420	475	
569	500	635	416	483	572	664	611	
618	429	551	607	615	551	508	414	
655	499	587	619	575	438	654	603	
595	435	540	641	491	548	627	423	
620	454	560	477	450	593	541	533	
512	619	421	639	648	518	587	460	
604	481	624	421	591	507	639	455	
614	476	534	414	417	576	672	497	
547	461	416	598	527	422	470	578	
443	624	438	535	613	480	536	475	
458	591	669	636	652	560	451	522	
546	453	509	672	588	607	449	502	
416	652	592	583	515	514	626	447	
666	418	624	431	662	445	606	525	
581	616	658	543	618	457	508	648	
505	508	556	642	548	603	460	407	
562	655	440	521	602	649	566	666	
543	618	455	573	524	671	576	480	
653	569	653	417	496	508	602	550	
452	610	654	672	562	593	475	412	
514	417	480	625	498	669	413	599	
526	413	645	446	454	593	515	600	
552	636	470	408	588	517	672	481	
645	520	446	580	563	624	445	510	
412	666	432	499	612	428	555	626	
544	494	654	665	512	602	464	654	
441	604	561	436	511	566	454	637	
541	638	492	429	562	653	489	541	
550	492	415	641	516	649	595	446	
591	454	530	450	555	424	518	420	
558	624	414	482	449	601	544	658	
572	430	485	622	414	475	571	607	
621	544	408	486	530	618	445	511	
484	652	547	551	614	502	524	666	
471	426	668	484	609	456	562	467	
409	598	542	664	408	540	563	447	
568	475	414	639	478	421	655	584	
499	603	440	425	621	418	458	549	
410	509	654	564	652	418	479	595	
610	414	513	669	639	564	448	618	
590	609	421	507	575	666	512	458	
533	461	646	558	620	516	435	670	
666	568	481	414	499	657	415	447	
536	660	476	425	522	633	597	439	
451	634	661	508	538	467	660	562	
513	640	571	426	602	474	560	656	
504	580	654	569	618	558	429	505	
633	639	581	490	450	442	632	581	
458	591	660	536	576	546	471	670	
420	630	633	511	542	480	648	429	
656	461	562	484	423	570	497	645	
594	497	638	430	485	445	419	629	
596	531	513	637	651	512	566	417	
504	507	652	408	554	497	416	628	
576	567	407	483	489	609	661	567	
648	451	407	617	662	427	584	526	
605	545	413	471	494	631	427	570	
433	549	662	505	579	493	621	440	
428	625	588	535	522	536	654	610	
551	479	647	427	672	409	591	476	
657	525	434	553	574	514	507	453	
418	613	466	520	516	422	611	471	
541	519	468	665	475	437	630	544	
485	545	608	644	654	508	612	671	
622	489	432	590	573	435	635	481	
554	601	544	480	518	581	442	465	
525	454	629	609	600	528	432	470	
417	573	528	624	670	512	451	574	
633	408	478	575	458	630	602	537	
557	620	480	652	602	415	431	476	
501	569	649	588	562	664	573	493	
631	434	573	449	636	590	542	518	
453	635	598	543	663	560	473	546	
507	614	462	667	498	559	665	617	
493	661	434	643	463	608	601	529	
457	601	513	600	500	648	602	515	
634	649	484	575	445	421	559	631	
606	473	663	415	492	620	640	562	
423	475	515	600	438	590	501	670	
409	547	626	461	526	584	595	437	
519	608	437	568	621	529	477	597	
441	477	568	627	575	490	455	667	
465	428	560	634	443	522	660	585	
659	474	545	578	553	665	489	423	
439	599	551	667	505	423	595	473	
597	663	490	434	468	526	615	433	
429	477	563	657	610	564	419	654	
482	650	585	432	483	631	567	431	
600	524	455	637	524	426	652	472	
594	506	589	411	505	595	622	417	
456	459	613	533	557	638	433	671	
633	518	487	576	542	443	415	491	
496	424	560	651	508	416	587	531	
454	520	666	641	450	599	529	428	
485	562	633	434	447	660	530	569	
411	591	533	466	546	639	485	407	
605	536	553	463	648	564	450	510	
450	619	550	668	447	533	659	607	
586	458	657	516	436	672	540	668	
525	448	624	541	637	518	462	575	
507	578	649	457	593	456	671	415	
532	656	415	614	501	425	622	464	
408	523	574	444	452	538	614	656	
528	490	617	615	647	547	527	654	
442	598	420	509	587	465	410	654	
456	663	506	566	550	497	649	508	
631	519	567	424	483	629	567	565	
520	413	502	630	420	637	659	514	
533	602	461	641	564	506	626	671	
656	560	408	477	614	671	445	531	
557	570	641	416	514	608	534	446	
672	472	520	581	582	520	648	531	
431	489	407	601	647	468	559	410	
506	642	458	571	469	646	541	558	
507	625	407	671	576	660	443	531	
582	410	451	553	578	480	627	467	
635	570	488	475	507	448	630	568	
463	546	599	519	607	643	575	497	
648	599	475	422	504	622	452	456	
411	576	551	647	565	482	568	669	
447	650	429	552	469	668	523	600	
436	563	510	610	606	599	481	410	
628	407	481	502	445	646	519	602	
516	665	538	598	560	612	441	634	
601	535	463	652	660	560	482	429	
612	478	559	620	540	511	417	648	
494	668	535	423	468	583	514	407	
489	551	457	639	516	446	647	542	
481	643	561	409	430	650	590	510	
541	598	434	644	460	410	645	554	
561	446	642	621	667	472	601	411	
613	556	442	596	530	419	587	629	
597	524	454	525	558	666	617	442	
475	590	492	425	512	643	434	607	
640	538	665	425	563	525	624	500	
561	496	628	435	634	564	510	452	
663	505	597	430	524	415	625	463	
547	661	605	586	520	495	428	594	
608	544	467	670	517	445	440	603	
440	665	490	568	427	492	582	649	
654	552	479	417	518	576	459	535	
467	603	551	657	475	416	546	636	
486	593	432	645	563	672	499	570	
589	409	516	532	577	503	672	429	
517	611	632	423	549	458	635	668	
639	591	451	576	590	496	669	407	
623	472	449	420	492	611	446	559	
633	498	439	575	485	527	601	584	
611	553	471	611	646	453	654	490	
590	479	649	412	560	612	416	667	
663	527	597	412	518	446	586	604	
647	473	417	512	600	653	548	492	
654	420	561	517	596	491	437	438	
573	560	436	665	530	441	585	624	
619	481	637	540	546	567	486	649	
483	601	546	542	471	663	580	420	
520	412	495	598	667	538	585	460	
479	436	588	438	549	415	639	481	
645	473	553	616	466	668	627	408	
609	564	511	515	534	443	490	601	
431	588	543	660	606	518	412	542	
607	425	639	525	514	467	412	638	
568	498	436	640	542	524	474	588	
587	480	423	656	614	425	669	517	
468	560	630	664	493	628	547	489	
467	646	526	618	433	550	602	650	
664	470	648	423	554	604	520	485	
446	496	633	525	483	661	545	428	
494	564	517	610	655	435	531	604	
466	596	534	411	600	411	445	503	
410	499	626	643	669	609	429	554	
561	490	427	647	601	644	450	504	
536	663	608	461	465	568	658	518	
428	576	445	656	416	472	666	511	
583	420	645	472	638	530	573	441	
423	663	494	543	599	525	581	642	
632	522	569	458	547	608	470	407	
574	609	493	654	666	590	556	409	
586	657	561	467	540	458	594	659	
465	538	651	590	559	462	625	487	
564	502	641	562	468	620	667	569	
461	589	435	489	658	595	512	471	
536	606	447	510	426	611	639	558	
661	472	614	410	669	495	411	558	
657	657	480	574	583	463	422	584	
662	570	513	513	470	599	672	490	
557	455	422	631	633	515	462	575	
411	596	515	640	528	657	408	511	
535	620	647	459	497	654	447	555	
566	667	446	507	540	593	418	669	
436	594	653	411	470	661	409	592	
609	667	419	530	653	497	551	460	
610	452	575	507	421	560	424	635	
518	665	582	560	566	518	444	589	
574	509	671	651	505	432	588	552	
578	451	621	502	451	611	550	420	
526	649	414	575	480	420	569	623	
411	648	559	520	416	592	644	500	
609	441	480	416	651	500	464	573	
634	540	546	475	486	590	665	412	
615	553	659	457	544	647	501	410	
491	620	495	426	672	551	485	593	
461	525	597	647	483	419	566	650	
552	599	665	477	600	483	556	428	
486	452	594	513	607	454	515	660	
552	465	568	665	535	632	480	442	
482	638	586	625	531	656	445	519	
584	411	532	492	621	597	523	439	
453	598	539	661	465	666	527	596	
612	447	666	525	469	563	654	462	
639	408	460	550	441	644	534	476	
497	587	644	428	633	436	557	498	
493	627	572	417	628	572	564	492	
654	516	566	428	452	573	609	547	
646	440	600	532	422	628	502	583	
430	522	653	529	638	530	489	537	
644	429	485	541	541	589	468	643	
452	663	605	556	594	471	417	502	
526	412	542	443	505	639	631	564	
664	578	443	598	563	435	500	616	
650	647	558	416	458	659	544	572	
423	634	570	522	531	420	612	628	
500	563	438	494	568	415	624	469	
568	499	646	421	610	461	510	600	
497	434	454	602	628	525	545	448	
483	592	414	670	478	657	563	417	
663	461	512	564	634	481	567	424	
626	412	493	491	608	460	541	663	
411	524	468	597	565	448	647	490	
573	655	485	429	419	664	555	495	
428	611	466	533	430	593	541	519	
477	514	617	546	635	493	566	426	
578	661	408	532	593	426	533	481	
658	517	419	446	542	662	457	605	
647	565	487	410	477	512	660	422	
594	483	433	433	551	504	611	410	
450	616	499	563	669	617	537	457	
567	466	635	660	418	669	525	545	
667	586	439	492	636	580	440	528	
585	514	642	472	591	468	416	524	
562	450	592	669	414	660	493	627	
537	440	598	650	655	475	564	585	
489	422	540	580	520	595	440	671	
409	534	446	599	533	429	632	468	
614	539	450	669	510	659	620	454	
605	408	458	660	500	451	573	637	
412	478	548	642	507	574	654	605	
533	475	613	558	534	421	646	417	
468	497	609	417	529	626	424	480	
609	407	545	460	505	437	588	523	
