L1	L2	L3	L4	R1	R2	R3	R4	
543	493	624	407	642	481	411	560	
654	585	477	507	615	553	608	511	
469	660	439	579	410	523	591	658	
542	413	607	659	500	597	639	417	
605	509	555	654	577	537	450	627	
629	490	666	440	505	410	651	486	
662	525	648	570	622	554	496	432	
630	490	411	521	514	422	589	669	
618	424	584	663	583	480	538	422	
598	407	632	534	443	520	484	567	
538	625	466	413	489	440	561	596	
646	408	471	556	473	430	541	410	
486	419	657	531	626	561	552	454	
430	479	660	634	598	449	517	606	
568	665	437	611	533	474	604	664	
557	415	669	506	494	638	569	444	
591	433	500	637	505	630	557	453	
635	584	421	537	516	637	580	574	
449	582	630	518	460	548	632	566	
560	524	451	419	559	672	461	407	
410	556	623	492	443	608	540	530	
565	438	571	656	648	445	569	529	
428	659	487	539	473	410	550	617	
589	449	618	516	595	557	446	633	
435	550	445	669	536	603	442	650	
571	444	446	638	597	650	469	409	
611	562	491	442	446	514	670	587	
653	446	443	545	445	602	665	545	
522	626	457	446	606	534	483	664	
435	651	471	658	626	438	555	529	
567	653	427	501	519	582	411	648	
459	408	605	553	574	433	627	503	
523	500	583	591	538	634	495	433	
493	546	664	476	440	551	652	481	
646	539	436	488	515	438	589	413	
571	455	664	586	485	432	549	649	
501	447	657	579	449	651	556	466	
468	546	639	409	499	599	633	432	
465	529	626	566	428	503	665	581	
617	564	419	505	653	431	555	493	
524	412	642	490	427	500	561	643	
593	511	513	453	434	643	578	488	
554	417	487	603	548	638	470	547	
456	591	518	660	613	492	423	537	
465	573	574	659	465	598	508	517	
453	644	486	577	461	667	568	531	
521	466	640	411	578	516	418	489	
475	579	631	651	432	565	645	620	
494	419	547	636	578	477	632	658	
628	554	502	421	440	560	617	489	
625	413	598	470	603	636	520	427	
672	558	478	615	533	456	628	666	
656	448	512	410	571	468	627	441	
578	491	641	413	526	618	425	479	
606	441	661	631	439	568	510	657	
429	478	539	587	523	454	658	567	
662	475	557	619	436	510	542	642	
592	642	504	441	519	464	656	413	
545	450	597	667	653	574	448	642	
586	495	414	653	494	671	575	539	
643	414	572	533	617	486	559	429	
566	596	440	657	427	617	489	588	
596	445	444	512	601	662	468	545	
439	667	606	552	649	537	445	650	
571	470	642	607	446	602	523	659	
410	434	553	588	555	635	444	497	
536	615	449	651	660	423	522	494	
440	508	584	436	438	583	483	660	
546	651	501	649	619	432	671	536	
421	554	574	642	650	599	410	534	
514	548	422	605	460	491	653	591	
654	600	549	408	640	519	437	636	
559	644	467	618	554	669	419	618	
652	421	587	534	630	533	433	463	
555	407	656	553	560	546	645	441	
637	407	505	588	536	619	430	663	
473	533	656	532	441	555	475	629	
540	665	433	547	501	660	538	587	
419	449	503	645	452	624	574	655	
648	543	494	597	621	540	493	439	
624	517	408	522	487	407	599	661	
620	672	486	549	672	536	610	423	
640	445	582	660	519	430	671	572	
512	660	670	417	565	668	517	418	
623	446	557	502	420	540	597	476	
423	562	670	501	429	537	494	627	
409	555	445	672	664	584	525	473	
494	407	616	631	596	537	529	418	
595	462	666	479	480	553	416	623	
587	421	494	667	435	480	623	557	
484	541	612	419	485	626	423	539	
664	485	584	532	624	511	465	419	
453	656	514	592	563	631	475	412	
538	438	482	594	663	554	604	409	
457	547	649	409	568	445	625	521	
508	447	598	634	639	531	548	601	
652	504	429	466	619	487	658	560	
589	515	653	453	622	439	528	585	
626	411	526	477	560	641	507	432	
433	567	646	459	430	630	444	548	
511	594	647	647	488	582	452	656	
548	420	496	589	657	502	458	663	
622	408	491	517	604	495	408	548	
523	552	607	658	407	424	542	640	
629	541	662	489	632	410	589	488	
577	644	495	423	583	488	667	539	
441	540	651	421	486	435	560	662	
415	501	603	672	620	551	418	495	
636	444	500	563	624	515	408	589	
644	579	515	440	537	591	639	457	
653	409	578	498	585	659	528	439	
651	525	591	448	598	408	657	479	
480	532	657	663	448	583	439	612	
466	636	596	521	630	555	473	651	
612	670	518	577	577	654	420	519	
427	494	625	408	492	587	538	431	
544	579	408	641	441	445	576	499	
452	667	559	457	622	648	545	454	
422	554	626	487	641	647	487	467	
504	415	603	661	590	533	440	643	
496	671	550	652	445	621	546	416	
601	523	414	528	595	631	549	481	
543	610	424	481	428	669	473	511	
516	659	475	466	642	416	668	424	
603	486	656	537	507	612	434	432	
587	645	411	478	571	408	538	649	
572	670	432	494	639	417	526	467	
430	604	556	483	597	487	441	651	
604	440	514	434	451	590	639	529	
599	553	493	668	523	586	660	448	
532	636	594	473	472	605	455	582	
573	426	590	432	585	433	526	650	
446	665	645	503	511	588	447	619	
634	496	434	541	485	602	539	671	
625	438	653	524	469	562	616	418	
462	520	427	646	632	419	501	493	
460	638	567	412	555	672	471	419	
413	594	648	512	506	660	619	417	
408	519	510	592	500	616	557	424	
543	459	666	513	576	426	629	489	
533	445	655	596	579	448	528	630	
631	536	413	458	428	463	650	513	
460	626	513	474	533	456	539	595	
667	571	486	412	546	428	456	493	
482	597	647	592	644	548	453	538	
435	571	539	408	432	549	502	635	
561	413	613	492	453	497	517	631	
630	531	627	477	517	440	585	645	
453	669	512	506	505	580	450	648	
479	571	543	627	489	598	462	671	
640	468	570	443	459	646	504	542	
608	541	414	531	665	603	429	482	
496	584	640	447	618	480	449	408	
563	644	456	407	672	488	550	421	
551	494	657	603	519	438	630	566	
407	648	490	590	448	493	644	525	
446	498	547	670	603	548	489	668	
453	549	637	534	595	670	488	562	
529	438	653	553	455	631	672	564	
536	608	480	428	507	561	664	427	
621	444	496	580	666	509	562	607	
599	671	606	547	551	463	574	623	
510	519	649	593	475	476	587	529	
641	451	474	419	420	620	534	672	
444	591	670	541	442	609	506	577	
653	542	501	603	436	606	535	660	
572	536	611	428	638	456	552	516	
472	541	672	633	631	610	526	427	
658	472	558	595	474	415	620	672	
529	459	593	645	492	437	515	555	
424	623	467	542	427	514	590	642	
625	536	410	439	655	449	626	502	
519	513	421	672	629	510	407	462	
507	560	629	426	645	564	465	617	
606	427	482	551	633	541	642	433	
471	563	477	648	478	637	423	546	
554	454	653	590	656	471	603	419	
437	517	575	645	625	549	468	407	
671	432	593	593	604	497	424	652	
425	661	520	571	446	585	475	666	
639	419	491	562	428	520	615	561	
433	560	484	652	452	631	565	492	
498	618	440	566	524	582	413	444	
507	636	629	528	487	494	434	594	
549	414	498	658	645	571	476	451	
500	660	607	454	519	598	465	411	
550	493	450	657	462	580	664	515	
422	486	541	434	497	437	614	548	
444	616	667	495	551	464	630	461	
446	602	654	510	578	663	414	469	
550	482	632	448	671	575	595	484	
515	464	662	545	431	473	564	530	
457	628	653	578	458	559	612	426	
439	580	528	662	558	475	407	672	
524	454	651	581	579	501	470	448	
519	458	592	644	409	609	493	479	
411	480	540	626	448	477	664	559	
527	638	662	437	469	642	470	576	
535	590	636	443	483	585	458	647	
625	428	476	563	572	414	525	457	
641	577	512	444	480	552	665	604	
417	436	639	592	411	630	484	517	
478	414	580	432	648	486	427	463	
476	672	416	581	530	647	594	427	
543	426	565	663	454	448	531	618	
512	420	625	458	556	637	427	495	
548	467	415	615	453	557	526	659	
617	435	518	529	597	616	451	427	
582	431	517	650	590	476	661	422	
503	424	591	652	449	605	663	547	
603	452	508	553	438	651	576	550	
451	670	554	582	658	557	475	436	
467	545	534	624	469	613	462	649	
536	438	587	651	610	528	426	485	
434	621	508	563	627	413	548	471	
436	669	597	532	540	571	451	461	
438	431	641	494	412	652	560	468	
531	419	663	523	552	617	508	437	
456	550	504	621	438	599	549	468	
436	529	633	548	621	562	480	430	
585	525	576	666	490	541	622	436	
480	597	544	643	638	476	532	643	
636	468	638	439	576	526	444	668	
653	610	554	447	545	449	580	643	
526	460	595	662	515	669	577	442	
563	622	421	650	662	464	597	503	
656	553	467	605	573	650	429	502	
426	491	610	485	437	643	527	424	
560	411	615	493	409	480	621	562	
520	568	653	443	646	464	540	502	
663	473	548	663	598	485	535	652	
616	662	543	409	500	609	429	475	
655	566	470	417	439	658	640	554	
462	577	643	518	579	636	443	660	
605	501	540	423	599	478	668	420	
613	445	508	415	466	631	424	563	
425	602	508	409	522	643	407	518	
528	599	474	424	575	635	431	475	
414	583	465	541	484	571	618	511	
523	605	428	659	642	485	605	417	
415	596	479	547	511	652	467	586	
621	563	507	455	505	447	565	615	
410	619	532	468	420	522	572	669	
629	538	485	419	631	531	604	456	
420	487	546	639	518	409	472	621	
581	666	411	517	543	650	450	595	
622	418	474	577	541	490	666	474	
511	418	574	579	570	452	486	672	
431	462	598	583	621	442	485	565	
654	509	479	605	408	522	609	472	
422	525	655	596	585	629	531	479	
613	468	422	672	512	651	574	429	
496	474	613	425	412	471	583	608	
594	506	408	559	621	546	449	583	
426	599	458	663	444	509	602	672	
578	642	412	467	525	670	464	440	
517	650	571	633	418	540	591	647	
408	550	465	564	425	448	609	547	
439	560	617	498	562	519	439	633	
667	581	455	530	617	525	415	670	
445	510	656	568	537	630	420	621	
484	597	660	656	574	457	620	408	
535	455	604	646	581	457	408	664	
450	668	592	413	496	542	651	446	
639	450	599	448	415	520	467	636	
569	421	509	482	634	495	453	513	
617	513	557	670	654	505	473	408	
639	489	542	593	633	547	421	671	
579	425	657	626	556	644	432	471	
458	579	657	519	577	649	487	671	
614	543	411	474	597	474	528	411	
556	611	502	446	522	598	443	658	
476	573	639	523	433	660	442	502	
665	571	519	407	514	564	432	622	
644	554	456	417	596	648	534	426	
615	583	429	497	668	436	647	567	
583	650	524	430	455	412	629	573	
518	669	577	430	442	523	588	621	
561	649	610	530	434	568	657	469	
498	551	423	612	624	474	557	410	
566	653	486	560	504	589	672	614	
487	520	596	423	408	641	502	670	
463	598	541	672	535	525	603	455	
598	411	664	575	481	446	670	551	
434	503	571	483	534	446	641	545	
635	410	573	629	543	663	468	598	
557	615	463	495	407	591	523	641	
517	422	672	600	494	610	436	500	
539	435	632	523	485	627	569	585	
425	566	468	665	452	571	646	498	
510	585	442	652	462	644	426	527	
496	609	570	669	550	604	458	652	
496	448	633	568	608	468	532	493	
496	553	642	470	577	513	647	427	
432	559	598	502	521	594	671	475	
665	423	537	613	471	604	534	644	
528	588	454	665	555	669	442	465	
458	579	651	626	635	504	589	436	
507	559	632	426	597	489	537	422	
434	559	632	498	445	527	620	452	
598	491	509	434	550	658	473	413	
601	408	540	463	542	487	565	491	
555	486	616	660	646	459	523	407	
531	441	647	610	511	585	631	417	
453	632	518	623	564	514	620	508	
641	585	436	481	639	482	542	419	
493	535	440	629	443	663	497	624	
471	665	581	636	592	445	501	604	
453	600	409	525	636	472	574	522	
568	619	432	459	490	563	616	430	
632	504	587	448	525	653	598	411	
526	415	608	575	516	464	623	417	
488	623	412	633	536	481	452	651	
594	448	543	657	530	607	412	459	
462	629	482	569	620	529	586	418	
534	474	640	411	564	627	415	547	
636	464	536	623	613	510	433	656	
532	474	665	421	467	638	480	419	
450	632	507	577	587	419	646	501	
584	643	487	412	516	496	646	655	
592	666	526	433	581	444	523	654	
600	540	504	434	432	647	500	582	
531	429	672	640	418	538	459	664	
473	615	506	419	442	499	615	533	
544	641	409	493	662	461	516	576	
486	632	432	531	410	667	482	596	
653	585	420	544	476	542	671	416	
573	408	661	630	517	590	450	485	
407	526	629	630	546	642	624	514	
614	491	459	671	649	418	580	457	
409	500	621	410	651	593	501	421	
559	414	479	618	612	417	489	663	
601	511	479	628	580	509	427	421	
657	568	428	621	537	632	546	482	
506	633	604	435	565	546	666	453	
429	497	561	637	541	654	596	446	
670	420	597	562	639	546	468	509	
506	592	423	642	439	614	561	659	
665	519	582	412	630	560	477	471	
593	427	490	651	529	672	439	605	
542	622	462	653	557	431	489	618	
424	483	570	637	527	475	639	564	
634	447	582	459	478	618	552	662	
607	441	550	663	645	490	579	420	
538	453	601	664	632	570	483	661	
503	619	452	549	503	627	526	412	
505	582	632	503	413	625	557	448	
521	469	643	483	587	434	649	501	
528	475	426	668	515	597	453	662	
462	445	566	636	647	508	427	592	
631	515	624	449	531	605	509	417	
442	518	569	648	537	420	609	665	
496	418	409	547	540	622	411	478	
471	672	574	525	581	407	521	467	
522	530	606	664	511	592	485	424	
424	551	656	454	414	542	509	608	
611	507	429	509	645	443	508	571	
562	417	623	499	650	450	575	515	
528	517	615	433	563	627	442	510	
445	664	571	538	667	459	595	411	
499	426	604	657	646	562	463	511	
426	608	659	497	441	503	648	596	
419	653	493	637	620	457	523	413	
451	672	574	420	595	562	456	515	
440	498	596	643	510	417	586	661	
614	475	533	411	569	504	611	498	
463	578	634	471	659	515	432	449	
457	551	643	566	549	471	653	593	
635	477	414	573	555	497	561	638	
579	503	618	436	650	544	494	515	
435	565	545	640	475	657	574	520	
503	584	611	670	563	460	521	463	
497	591	650	557	573	436	617	545	
492	425	638	633	475	637	583	519	
669	579	490	430	640	482	536	587	
504	420	607	643	552	417	635	621	
413	552	464	605	507	576	440	515	
497	438	612	510	561	446	507	563	
478	617	553	431	509	425	615	556	
623	408	510	671	422	571	639	491	
591	453	441	657	481	595	615	555	
559	507	610	446	559	641	407	434	
479	589	415	547	407	526	669	619	
639	556	454	452	566	466	635	408	
592	662	467	528	585	644	458	533	
644	559	528	445	635	412	517	672	
601	492	419	668	579	531	670	507	
628	547	416	482	569	496	424	663	
605	486	423	652	661	409	539	477	
509	434	627	539	459	671	625	576	
540	446	645	545	464	541	635	669	
559	643	455	552	663	443	570	507	
558	418	557	664	615	462	548	622	
595	544	602	648	546	656	418	533	
629	459	518	635	497	413	672	614	
614	532	458	659	506	440	541	553	
429	621	494	671	497	485	659	606	
525	443	447	585	654	535	430	433	
592	456	672	535	622	535	484	453	
454	509	595	653	468	514	628	557	
451	609	661	546	644	433	669	517	
424	544	465	619	649	423	569	468	
466	660	572	427	575	667	441	525	
617	532	437	599	651	471	586	534	
574	621	484	540	501	658	570	566	
515	664	454	452	563	658	579	417	
470	568	407	627	507	630	432	563	
450	461	648	580	642	434	556	598	
496	413	562	659	644	453	638	501	
546	588	598	484	588	457	665	519	
541	624	664	449	612	507	503	408	
459	579	547	414	569	503	417	615	
652	412	492	660	480	530	627	430	
519	468	612	418	624	489	418	574	
561	477	642	419	590	669	411	491	
413	641	664	569	436	491	605	671	
623	556	478	436	577	653	471	520	
634	461	522	587	565	492	423	617	
424	541	641	579	515	558	627	446	
647	530	562	590	528	428	607	474	
428	651	606	534	525	460	650	519	
407	475	556	614	462	576	489	650	
610	491	465	515	575	596	663	463	
615	430	595	497	638	418	577	491	
529	610	652	445	651	437	550	539	
637	549	457	407	576	535	424	667	
421	493	596	527	425	551	548	500	
608	535	549	660	595	654	482	415	
550	618	469	427	622	479	502	564	
670	606	426	537	472	597	520	407	
612	608	508	666	661	467	595	577	
430	663	504	566	551	590	421	477	
493	599	440	543	584	436	637	538	
646	446	606	521	560	495	670	564	
483	643	553	632	410	612	488	566	
444	616	538	604	624	551	419	446	
584	444	537	672	441	511	598	646	
463	504	544	571	455	640	489	522	
650	633	431	596	630	536	461	604	
601	549	429	660	493	601	669	438	
407	612	465	532	459	604	557	419	
568	410	475	671	654	548	450	499	
604	466	664	531	422	619	567	474	
606	474	528	633	528	655	468	609	
619	547	455	408	572	625	429	488	
562	632	425	421	661	501	563	425	
468	555	490	633	637	426	577	526	
529	581	636	472	627	471	524	647	
579	456	625	652	654	567	417	521	
664	509	450	564	411	514	603	542	
475	670	416	564	537	603	417	517	
588	436	517	644	566	645	505	419	
511	580	432	506	664	547	477	516	
559	483	617	438	526	660	413	595	
594	537	609	422	510	423	652	567	
503	418	669	582	542	652	433	493	
600	652	499	407	620	531	469	411	
622	540	441	637	552	658	466	475	
598	637	418	520	422	500	598	648	
650	535	419	459	527	656	411	592	
412	483	602	598	431	488	619	530	
556	483	407	626	585	635	519	443	
580	409	501	645	657	584	515	652	
554	613	428	409	433	457	581	636	
633	523	433	564	448	439	543	669	
412	497	610	496	559	450	670	418	
557	504	430	662	433	519	655	578	
658	511	601	408	467	634	410	666	
654	435	591	538	588	523	420	461	
656	533	445	588	408	563	668	485	
661	411	633	500	667	414	558	578	
576	671	486	413	481	561	669	486	
486	556	442	658	430	523	671	608	
634	593	546	456	607	485	407	563	
622	414	490	477	520	646	424	501	
408	571	474	519	442	612	501	545	
416	596	659	524	562	502	453	609	
461	552	409	605	465	609	558	534	
426	501	526	564	570	636	479	608	
492	542	614	431	507	427	636	563	
502	576	654	519	412	602	544	629	
437	421	490	541	552	525	577	436	
468	409	519	623	524	443	654	580	
504	596	411	635	456	503	578	666	
554	438	566	636	442	546	601	638	
584	532	479	651	418	438	489	546	
486	442	621	572	593	485	536	432	
478	619	541	587	639	515	585	428	
520	643	464	583	442	583	605	485	
534	466	597	655	587	656	431	468	
466	580	520	415	608	555	639	479	
478	530	672	623	640	515	563	672	
643	457	587	510	552	614	668	473	
665	635	532	601	614	551	511	425	
532	596	440	431	565	416	550	442	
415	509	596	579	613	446	521	672	
451	642	533	414	637	470	518	497	
440	577	520	584	626	453	517	474	
603	525	410	518	490	542	626	410	
592	527	493	647	587	530	437	658	
519	468	566	648	505	488	596	620	
556	612	449	665	588	467	522	672	
506	606	537	556	538	650	595	468	
460	663	541	522	664	625	433	466	
635	452	629	559	435	500	618	655	
628	441	430	552	486	413	564	622	
663	565	412	515	604	667	450	514	
422	672	483	559	596	450	509	653	
418	613	445	670	611	452	666	522	
540	655	447	487	506	667	558	452	
661	432	579	466	617	509	560	481	
578	436	511	631	495	431	559	629	
611	434	608	474	472	407	601	487	
440	606	511	573	542	662	463	662	
520	448	592	661	512	583	432	481	
431	574	518	632	492	584	665	545	
665	492	410	596	417	598	662	511	
617	526	416	669	589	441	545	417	
658	410	579	504	578	490	633	415	
413	601	647	538	451	569	663	503	
499	585	422	551	431	567	605	662	
584	484	591	415	453	533	665	413	
439	595	492	593	655	585	484	493	
614	561	478	413	484	427	618	549	
480	588	495	417	452	506	569	644	
573	658	513	455	566	434	576	661	
582	413	610	506	521	415	549	627	
549	672	509	433	512	454	663	414	
526	669	572	447	509	596	447	555	
613	415	499	560	503	611	419	587	
536	582	491	447	653	555	469	409	
534	483	620	418	582	570	509	637	
565	468	410	663	546	492	568	429	
507	567	621	587	444	537	620	453	
481	419	658	546	450	521	636	580	
592	436	518	485	447	596	536	650	
643	524	407	512	643	578	564	438	
629	625	445	536	425	561	617	486	
552	468	646	412	419	511	607	623	
575	653	431	503	409	503	649	578	
672	603	410	540	604	430	644	492	
631	584	498	528	664	483	588	598	
485	537	435	654	514	424	638	464	
579	657	450	507	619	536	496	594	
605	483	531	468	608	492	549	646	
416	469	530	624	471	564	410	654	
535	430	671	472	573	436	613	511	
548	655	593	640	666	561	470	668	
527	605	456	664	652	572	510	439	
452	612	524	621	573	461	408	420	
439	632	542	573	418	627	490	423	
618	543	449	419	430	552	520	604	
642	594	489	546	569	421	503	533	
475	523	428	670	494	644	442	672	
456	584	529	577	576	647	658	506	
528	569	500	455	582	493	657	410	
611	522	543	408	501	446	609	669	
498	412	447	607	598	626	414	509	
631	514	422	570	448	636	489	577	
450	591	550	528	570	473	413	506	
469	630	564	413	464	565	443	615	
508	423	415	570	530	623	414	452	
617	490	418	562	644	461	511	528	
525	590	666	434	666	466	470	566	
418	460	602	612	433	649	496	534	
555	450	445	657	659	470	522	460	
431	567	492	494	614	482	533	418	
506	419	646	586	423	554	498	629	
482	585	613	556	547	651	458	593	
534	451	603	533	539	623	466	453	
482	633	547	430	650	449	550	500	
532	458	519	647	593	536	646	417	
411	497	612	663	493	414	671	557	
426	560	594	651	539	444	604	660	
527	505	601	656	639	489	410	631	
419	617	669	480	408	572	645	646	
668	545	619	473	628	480	559	446	
529	650	420	566	446	515	620	655	
428	611	539	460	580	651	459	524	
556	634	486	421	564	592	442	514	
511	453	647	581	419	519	662	493	
481	637	581	519	639	580	497	434	
514	451	640	609	535	460	592	408	
455	612	500	605	448	600	657	572	
521	665	462	416	550	650	621	427	
554	528	474	414	635	559	485	411	
545	630	466	414	530	595	604	663	
671	441	562	465	657	556	426	488	
491	587	547	407	445	602	505	658	
440	496	588	644	563	666	427	495	
442	536	662	638	482	624	457	529	
495	426	625	637	543	460	635	595	
591	455	409	545	601	526	654	466	
531	407	460	660	603	550	487	648	
550	650	439	649	487	409	649	566	
531	476	625	417	447	527	587	651	
582	661	420	457	443	660	646	525	
632	444	499	556	526	585	424	641	
485	644	421	548	564	474	655	412	
496	587	427	660	619	455	545	472	
600	479	532	416	667	408	507	574	
577	650	415	470	522	504	630	455	
468	647	633	419	412	551	665	598	
571	627	439	521	589	441	502	665	
545	637	583	464	497	410	656	577	
671	644	606	441	544	441	428	585	
514	611	668	482	543	447	662	466	
495	642	420	496	503	639	558	420	
410	532	638	569	457	462	613	526	
562	608	448	660	631	521	432	559	
538	626	455	526	422	567	644	511	
547	428	628	575	501	452	411	606	
499	538	459	556	660	496	433	531	
532	431	474	644	656	538	441	588	
557	424	488	627	526	569	665	436	
651	545	414	477	646	425	556	607	
656	544	412	605	611	470	539	425	
534	417	671	448	585	554	510	618	
539	479	665	615	425	433	491	610	
561	635	432	488	427	626	512	571	
588	486	418	611	597	510	494	419	
426	620	566	484	538	647	481	419	
645	560	429	493	508	434	597	570	
412	604	543	490	527	652	561	461	
411	431	668	571	454	630	567	519	
474	636	548	667	589	410	511	646	
430	620	665	446	425	557	492	612	
565	623	645	497	667	488	588	430	
646	410	459	550	452	525	408	609	
529	602	592	454	440	540	494	629	
609	424	475	594	425	503	554	661	
613	529	458	561	485	575	632	553	
412	583	478	645	516	588	670	472	
439	657	530	420	657	551	444	619	
646	555	608	470	587	464	651	421	
517	589	651	416	610	465	549	410	
524	555	632	417	596	486	669	572	
492	613	431	544	513	488	434	642	
471	613	434	672	575	427	516	627	
447	658	495	593	570	477	632	529	
613	515	478	409	430	480	544	652	
441	502	632	581	529	583	516	422	
623	503	488	429	563	463	417	505	
643	561	489	436	515	591	407	649	
561	657	503	461	573	444	657	496	
417	583	481	540	602	478	552	658	
600	502	645	562	474	624	638	472	
444	629	419	500	576	644	460	563	
609	553	511	477	465	670	547	564	
642	600	481	520	566	649	449	452	
438	644	561	511	619	567	467	408	
498	672	411	582	519	581	465	655	
506	540	645	561	551	643	481	462	
431	487	593	646	490	619	541	464	
551	442	620	661	496	443	647	665	
533	423	549	616	429	640	509	627	
521	420	505	584	623	467	647	574	
658	425	555	497	496	408	577	523	
498	408	662	623	596	490	454	541	
449	515	439	627	661	551	609	500	
433	595	659	534	622	476	595	533	
455	606	539	471	632	565	519	408	
561	478	539	410	499	667	590	412	
480	427	551	547	455	552	512	646	
495	570	424	647	439	550	542	617	
467	598	458	550	628	435	512	569	
554	453	620	660	547	608	457	489	
640	431	510	571	421	543	476	630	
625	530	470	622	592	514	455	545	
439	650	558	537	480	667	557	426	
504	429	635	497	449	594	603	672	
423	476	499	603	456	654	555	600	
489	625	429	429	554	655	627	481	
519	628	479	488	543	602	505	479	
487	593	423	618	603	546	480	654	
408	579	659	493	412	466	539	589	
427	551	621	479	569	462	408	632	
428	565	616	507	471	535	423	655	
610	410	489	557	429	483	609	556	
417	482	579	656	596	408	583	526	
545	419	584	655	420	521	639	471	
448	671	518	615	642	489	568	462	
578	480	523	435	654	585	530	532	
442	520	586	512	421	499	596	666	
552	660	447	523	432	527	584	484	
483	643	422	605	646	433	566	508	
461	671	611	561	459	605	531	546	
473	613	431	500	613	584	439	503	
648	530	575	631	427	572	624	486	
409	581	488	648	610	513	473	408	
539	637	591	658	455	533	636	563	
480	411	559	628	469	671	566	468	
654	445	574	515	654	618	437	580	
497	423	611	659	520	613	458	582	
451	590	508	640	462	625	407	524	
631	539	432	491	607	444	533	532	
491	656	630	593	645	604	658	486	
661	615	465	557	557	427	494	622	
464	515	534	651	665	485	545	411	
504	557	418	658	511	409	567	534	
456	606	620	551	542	472	524	409	
427	540	638	479	641	584	566	412	
498	645	595	474	411	503	560	612	
602	477	671	528	602	620	446	432	
611	639	420	508	650	557	489	411	
516	414	453	664	498	609	431	547	
650	544	426	456	501	602	661	555	
466	642	598	532	450	575	493	645	
442	641	574	512	632	458	557	574	
666	592	421	535	437	530	582	452	
597	502	544	439	472	606	537	418	
419	481	593	456	625	535	623	447	
604	536	409	490	490	659	605	557	
656	601	466	452	622	480	662	561	
614	649	497	432	634	460	589	510	
488	585	430	663	498	596	443	659	
469	448	656	598	658	456	590	412	
558	649	571	421	553	442	633	440	
504	642	446	607	478	489	422	579	
527	655	602	476	523	598	623	423	
570	466	658	654	622	536	440	451	
488	593	601	484	408	593	494	533	
668	461	530	427	449	517	565	660	
536	467	408	651	582	487	630	576	
602	455	647	548	581	637	446	489	
487	561	482	628	498	428	594	584	
518	606	433	616	671	662	539	607	
519	463	641	584	576	671	422	654	
553	425	602	486	609	531	414	651	
436	496	670	592	542	469	620	654	
575	656	433	490	411	667	430	484	
576	484	411	596	432	459	634	512	
488	607	672	422	468	552	509	409	
637	415	542	608	427	503	647	573	
659	531	441	588	644	437	647	524	
454	587	639	513	485	567	536	672	
522	584	471	414	423	514	463	596	
632	466	578	588	625	578	423	551	
525	444	600	621	507	454	607	624	
617	666	447	495	641	475	542	422	
602	447	426	660	568	407	635	671	
600	544	463	534	532	603	482	416	
655	545	502	424	603	500	462	557	
651	514	451	607	416	484	602	664	
661	605	485	419	556	417	647	498	
515	671	456	446	470	409	668	573	
474	593	539	410	508	582	438	658	
556	446	531	472	516	600	666	485	
459	555	650	429	445	445	621	526	
511	609	452	669	662	582	507	584	
552	437	641	566	562	475	490	420	
562	508	629	560	594	543	643	539	
649	604	417	535	596	660	517	477	
641	519	442	493	527	591	440	533	
445	662	528	602	508	415	630	566	
487	571	426	635	493	549	611	484	
487	564	452	630	413	567	517	663	
639	443	614	547	605	525	576	460	
521	671	626	441	598	524	639	410	
649	498	413	578	547	650	566	484	
552	454	652	640	426	650	583	496	
425	617	524	469	553	578	630	667	
456	632	583	410	633	577	629	436	
635	546	537	436	639	410	542	427	
482	669	592	538	408	558	628	669	
533	661	615	503	563	464	670	488	
659	587	570	467	541	672	424	472	
423	599	651	468	455	598	664	549	
519	585	660	660	463	577	671	481	
585	578	670	479	466	617	562	667	
421	617	491	553	574	451	519	640	
468	662	584	518	426	628	532	570	
481	558	664	666	513	581	672	423	
633	466	482	581	514	619	429	528	
504	660	416	600	601	645	500	554	
463	542	408	614	548	665	643	455	
589	550	430	478	629	517	570	443	
487	622	570	604	584	662	615	671	
457	557	635	411	524	594	438	515	
508	668	431	556	436	499	629	553	
431	525	468	612	424	576	477	617	
462	608	496	672	471	654	480	658	
547	468	408	593	408	554	490	639	
418	560	532	626	504	467	576	592	
635	445	521	571	549	470	591	659	
569	623	464	528	536	418	486	598	
566	651	442	522	459	544	432	641	
581	671	485	451	450	594	568	658	
411	596	655	493	489	616	412	663	
556	672	439	475	421	643	494	564	
648	474	425	573	510	631	574	426	
432	530	425	652	649	585	533	426	
430	552	604	499	514	452	627	412	
530	408	482	637	539	442	635	487	
652	603	533	464	663	509	560	448	
493	414	604	471	671	438	526	590	
656	573	429	561	570	411	500	642	
450	512	426	671	584	538	433	445	
515	628	451	570	584	432	549	644	
464	624	642	514	465	672	519	581	
457	605	518	672	559	525	590	415	
617	500	573	420	425	582	492	659	
614	667	445	507	455	571	656	506	
453	652	562	410	495	531	558	449	
624	485	433	462	515	638	622	468	
669	554	569	498	597	427	526	538	
614	433	509	554	597	420	503	489	
618	642	448	671	652	415	560	671	
480	560	663	491	412	598	531	628	
426	476	662	548	632	500	636	571	
556	671	482	427	456	522	622	654	
471	595	534	632	443	668	538	444	
539	590	636	435	504	457	587	581	
432	630	551	490	489	569	645	427	
476	578	451	647	428	655	508	617	
659	436	508	578	569	597	645	443	
436	611	515	660	544	456	659	606	
533	476	659	587	411	500	657	474	
617	672	462	525	606	431	506	538	
503	585	624	439	572	502	571	633	
437	619	523	415	560	562	641	409	
612	408	490	464	623	427	533	409	
546	610	476	436	652	597	448	545	
572	662	641	488	582	597	408	480	
639	452	483	666	657	472	413	582	
447	521	670	576	577	665	524	446	
509	605	425	663	561	620	421	647	
523	430	532	583	639	654	450	444	
460	642	580	500	650	449	533	484	
418	656	490	532	524	410	501	659	
459	605	408	511	413	500	623	499	
572	425	635	629	624	553	450	500	
664	542	483	413	500	655	534	577	
663	575	432	536	630	455	579	508	
554	659	469	450	631	459	525	572	
464	434	655	572	454	566	631	511	
451	601	420	509	629	523	452	585	
668	471	590	523	463	429	634	573	
661	411	530	480	430	533	664	482	
519	456	418	589	657	537	480	443	
564	646	454	442	602	666	464	416	
629	515	456	581	482	417	490	600	
515	440	452	578	479	503	536	656	
596	510	451	664	652	558	422	476	
525	653	427	598	496	589	651	455	
461	611	517	664	524	408	667	589	
586	664	461	511	539	594	454	647	
622	411	519	593	663	648	561	457	
667	500	425	566	473	551	636	611	
597	636	547	423	619	671	667	571	
643	533	420	438	468	592	526	650	
475	419	650	626	528	651	579	465	
500	666	568	439	465	516	658	588	
612	506	408	433	426	537	646	490	
465	648	442	517	634	483	572	434	
474	619	555	527	589	630	528	424	
607	408	542	665	422	609	600	523	
457	542	669	626	612	493	414	550	
659	578	489	641	579	531	632	426	
647	539	472	598	535	447	665	611	
664	463	616	544	528	594	461	450	
580	648	452	526	471	594	413	658	
658	475	456	541	553	491	410	653	
555	468	660	506	416	539	607	502	
602	497	648	576	447	551	450	659	
476	537	663	433	476	621	419	526	
590	430	628	465	542	655	419	585	
434	475	641	568	519	436	634	495	
647	515	597	459	616	427	627	489	
518	434	615	575	522	626	666	450	
446	662	639	542	597	407	496	638	
647	455	534	571	499	589	424	645	
628	525	417	587	621	442	600	511	
617	472	452	560	618	462	407	485	
588	520	419	638	407	528	671	597	
553	614	496	606	536	491	614	437	
520	657	411	512	605	445	524	634	
659	431	499	590	545	413	474	600	
619	525	592	483	460	613	542	514	
568	625	627	446	605	461	534	631	
542	436	659	626	606	654	408	501	
620	469	518	578	507	555	418	454	
505	587	571	441	467	550	508	659	
515	407	672	466	469	623	527	596	
619	526	479	425	591	631	466	413	
599	462	504	647	612	527	440	662	
661	496	605	559	628	428	500	564	
435	552	639	486	516	584	452	484	
511	593	510	421	572	469	528	637	
524	464	591	653	487	422	617	672	
534	657	441	432	538	451	654	614	
500	432	599	669	669	475	424	553	
458	588	515	451	443	633	498	573	
422	641	538	412	410	628	514	652	
451	531	607	672	541	454	613	544	
453	576	672	584	586	454	416	654	
566	465	442	647	486	573	441	672	
509	627	428	560	442	635	593	508	
568	521	420	618	662	467	617	414	
549	411	632	475	566	640	538	474	
667	476	566	537	408	587	637	508	
644	496	553	431	591	449	647	502	
610	618	671	524	559	577	476	639	
512	586	458	466	492	576	643	456	
643	556	413	476	529	633	455	588	
474	670	568	443	476	568	576	666	
642	449	506	571	415	597	493	613	
493	602	476	669	637	524	470	416	
632	591	540	427	623	551	507	443	
667	449	456	638	410	470	536	601	
633	549	498	473	463	525	611	423	
608	420	509	625	598	465	535	569	
615	448	488	555	500	534	615	414	
459	564	660	624	603	448	638	529	
412	556	667	602	596	469	470	538	
640	569	495	437	448	599	669	562	
670	482	556	546	545	483	468	626	
407	521	622	644	524	656	464	411	
570	635	418	454	459	631	567	407	
456	572	419	655	594	609	539	479	
556	451	642	456	543	671	460	592	
417	558	610	516	481	559	653	462	
482	601	543	452	627	511	460	538	
522	439	595	520	580	524	623	455	
511	462	591	668	506	459	567	643	
597	581	541	651	467	565	475	616	
491	563	618	443	605	573	407	657	
575	498	669	440	636	476	561	638	
531	556	606	443	664	513	414	583	
416	579	476	476	588	408	639	526	
431	587	467	648	611	504	451	652	
647	575	426	473	466	561	411	670	
489	672	552	413	515	631	408	563	
643	579	451	508	428	478	563	514	
586	531	655	437	588	530	428	455	
485	566	636	437	558	663	413	491	
427	500	590	541	430	470	660	580	
470	551	650	629	655	602	428	504	
671	443	595	530	617	488	586	504	
454	599	407	575	443	672	633	489	
565	648	491	411	454	627	458	661	
549	670	503	632	523	667	469	672	
616	437	601	536	581	522	636	439	
511	456	596	469	632	523	465	626	
466	436	541	589	518	432	587	670	
629	437	598	497	477	579	660	536	
556	435	613	667	537	443	502	577	
545	646	430	600	614	671	631	519	
413	595	654	512	604	447	543	641	
441	556	522	640	564	651	619	468	
594	535	645	587	535	643	420	498	
475	638	668	529	634	644	461	586	
547	456	667	502	475	592	546	436	
582	435	487	646	465	558	642	511	
480	648	573	495	504	572	651	412	
407	424	505	646	520	631	461	418	
578	418	524	647	531	610	657	499	
408	649	520	514	484	607	440	594	
590	657	425	505	559	424	477	407	
526	433	466	601	523	426	598	462	
