frame	framerate
0	0.00752
1	0.113524
2	0.114314
3	0.258558
4	0.259063
5	0.259423
6	0.278357
7	0.288273
8	0.300785
9	0.31197
10	0.318159
11	0.328375
12	0.338523
13	0.349237
14	0.358216
15	0.368214
16	0.379196
17	0.388274
18	0.398202
19	0.408332
20	0.418343
21	0.42826
22	0.438247
23	0.448276
24	0.458313
25	0.468382
26	0.47828
27	0.488361
28	0.498301
29	0.50831
30	0.518346
31	0.528314
32	0.538336
33	0.548317
34	0.558342
35	0.568304
36	0.57837
37	0.58836
38	0.598307
39	0.608328
40	0.618311
41	0.628364
42	0.638429
43	0.648372
44	0.658526
45	0.668609
46	0.678459
47	0.688449
48	0.698436
49	0.708394
50	0.718567
51	0.728506
52	0.738455
53	0.748476
54	0.75846
55	0.768478
56	0.778468
57	0.788496
58	0.798481
59	0.80848
60	0.818482
61	0.828579
62	0.83861
63	0.848527
64	0.858642
65	0.868493
66	0.878625
67	0.888581
68	0.898509
69	0.908573
70	0.918575
71	0.928543
72	0.938574
73	0.94857
74	0.95858
75	0.968589
76	0.978632
77	0.98858
78	0.998603
79	1.0086
80	1.01861
81	1.02863
82	1.03875
83	1.04862
84	1.0588
85	1.06867
86	1.07878
87	1.0887
88	1.09869
89	1.10866
90	1.11866
91	1.12867
92	1.1387
93	1.1487
94	1.15872
95	1.1687
96	1.17869
97	1.18872
98	1.19876
99	1.20875
100	1.21875
101	1.22874
102	1.23873
103	1.24875
104	1.25879
105	1.26883
106	1.2789
107	1.28902
108	1.2988
109	1.30879
110	1.31878
111	1.32879
112	1.33879
113	1.34878
114	1.35881
115	1.36861
116	1.37865
117	1.38861
118	1.39861
119	1.40863
120	1.41868
121	1.42861
122	1.43863
123	1.44867
124	1.4587
125	1.46874
126	1.47871
127	1.48878
128	1.49879
129	1.50875
130	1.51869
131	1.5287
132	1.53872
133	1.5487
134	1.55873
135	1.56872
136	1.57875
137	1.58875
138	1.59874
139	1.60875
140	1.61875
141	1.6288
142	1.63881
143	1.64877
144	1.65877
145	1.66892
146	1.67881
147	1.68895
148	1.69888
149	1.70885
150	1.71885
151	1.72884
152	1.73881
153	1.74885
154	1.75884
155	1.76884
156	1.77888
157	1.78886
158	1.79887
159	1.80886
160	1.81887
161	1.82886
162	1.83888
163	1.84889
164	1.85889
165	1.86897
166	1.87898
167	1.88906
168	1.89898
169	1.90893
170	1.91898
171	1.92892
172	1.93894
173	1.94895
174	1.959
175	1.96899
176	1.97899
177	1.98898
178	1.99899
179	2.00902
180	2.019
181	2.02901
182	2.03902
183	2.04901
184	2.05902
185	2.06902
186	2.07913
187	2.08918
188	2.0991
189	2.10913
190	2.11909
191	2.12911
192	2.13908
193	2.14909
194	2.15909
195	2.16909
196	2.17913
197	2.18911
198	2.1991
199	2.20916
200	2.21915
201	2.22914
202	2.23913
203	2.24915
204	2.25916
205	2.26915
206	2.27931
207	2.28921
208	2.29929
209	2.30929
210	2.31919
211	2.32919
212	2.3392
213	2.34921
214	2.35924
215	2.36922
216	2.37927
217	2.38923
218	2.39924
219	2.40924
220	2.41923
221	2.42927
222	2.43926
223	2.44927
224	2.45932
225	2.46928
226	2.47939
227	2.4893
228	2.49941
229	2.50941
230	2.51931
231	2.52936
232	2.53936
233	2.54939
234	2.55932
235	2.56934
236	2.57935
237	2.58934
238	2.59935
239	2.60937
240	2.61937
241	2.62942
242	2.63936
243	2.64939
244	2.65939
245	2.66941
246	2.67943
247	2.68943
248	2.69955
249	2.70952
250	2.71946
251	2.72948
252	2.73945
253	2.74947
254	2.75945
255	2.76946
256	2.7795
257	2.78951
258	2.79953
259	2.80949
260	2.8195
261	2.8295
262	2.83951
263	2.84951
264	2.85951
265	2.8695
266	2.87957
267	2.88965
268	2.89965
269	2.90965
270	2.9196
271	2.92961
272	2.93954
273	2.94959
274	2.95965
275	2.96959
276	2.9796
277	2.9896
278	2.99961
279	3.00964
280	3.01962
281	3.02963
282	3.03964
283	3.04968
284	3.05967
285	3.06964
286	3.07965
287	3.08981
288	3.09968
289	3.10974
290	3.11974
291	3.12971
292	3.13969
293	3.14969
294	3.15967
295	3.16971
296	3.17971
297	3.18969
298	3.19971
299	3.20978
300	3.21974
301	3.22975
302	3.23977
303	3.24975
304	3.25976
305	3.26978
306	3.27979
307	3.2899
308	3.29984
309	3.30992
310	3.31988
311	3.32982
312	3.33986
313	3.34984
314	3.35983
315	3.36985
316	3.37988
317	3.38983
318	3.39986
319	3.40986
320	3.41987
321	3.42986
322	3.43987
323	3.45003
324	3.45995
325	3.46989
326	3.47992
327	3.48992
328	3.49996
329	3.51007
330	3.51993
331	3.52993
332	3.53999
333	3.54999
334	3.55995
335	3.56996
336	3.57997
337	3.59001
338	3.59998
339	3.60999
340	3.61999
341	3.63005
342	3.64001
343	3.65002
344	3.66001
345	3.67002
346	3.68005
347	3.69003
348	3.70015
349	3.71021
350	3.72007
351	3.73013
352	3.74011
353	3.75008
354	3.76014
355	3.77009
356	3.78007
357	3.7901
358	3.80015
359	3.81011
360	3.82013
361	3.83013
362	3.84016
363	3.85012
364	3.86014
365	3.87016
366	3.88022
367	3.89016
368	3.90026
369	3.91015
370	3.92031
371	3.93024
372	3.9402
373	3.95024
374	3.96043
375	3.97021
376	3.98022
377	3.99027
378	4.00023
379	4.01024
380	4.02024
381	4.03025
382	4.04026
383	4.05032
384	4.06027
385	4.07028
386	4.08028
387	4.09028
388	4.10036
389	4.11028
390	4.12043
391	4.13038
392	4.14032
393	4.15036
394	4.16035
395	4.1703
396	4.18034
397	4.19032
398	4.20033
399	4.21039
400	4.22037
401	4.23038
402	4.24038
403	4.25038
404	4.2604
405	4.2704
406	4.28038
407	4.29042
408	4.30045
409	4.31053
410	4.32062
411	4.33053
412	4.34051
413	4.3505
414	4.36046
415	4.37045
416	4.38051
417	4.39047
418	4.40047
419	4.41049
420	4.42049
421	4.4305
422	4.4405
423	4.45052
424	4.46059
425	4.47053
426	4.48056
427	4.49055
428	4.50054
429	4.51072
430	4.5206
431	4.53061
432	4.54064
433	4.55061
434	4.56054
435	4.57059
436	4.58056
437	4.59058
438	4.60061
439	4.6106
440	4.62064
441	4.63068
442	4.64062
443	4.65063
444	4.66065
445	4.67064
446	4.68066
447	4.69074
448	4.70067
449	4.71082
450	4.72069
451	4.73081
452	4.74077
453	4.75069
454	4.76075
455	4.77074
456	4.78072
457	4.79073
458	4.8008
459	4.81074
460	4.82074
461	4.83075
462	4.84078
463	4.85077
464	4.86077
465	4.87077
466	4.88084
467	4.89078
468	4.90079
469	4.91086
470	4.92081
471	4.93094
472	4.94088
473	4.9508
474	4.96088
475	4.97087
476	4.98084
477	4.99085
478	5.00085
479	5.0109
480	5.02088
481	5.03087
482	5.04086
483	5.05093
484	5.06089
485	5.07087
486	5.08093
487	5.09091
488	5.10091
489	5.11092
490	5.12101
491	5.13108
492	5.14094
493	5.15096
494	5.16098
495	5.17096
496	5.18097
497	5.19099
498	5.20098
499	5.21099
500	5.22107
501	5.23097
502	5.24103
503	5.25101
504	5.26103
505	5.27104
506	5.28102
507	5.29106
508	5.30108
509	5.31105
510	5.32116
511	5.33108
512	5.34112
513	5.35114
514	5.36108
515	5.37108
516	5.38114
517	5.39109
518	5.40113
519	5.41111
520	5.42111
521	5.43113
522	5.44113
523	5.45113
524	5.46114
525	5.47119
526	5.48117
527	5.49117
528	5.50116
529	5.51117
530	5.52128
531	5.53119
532	5.54131
533	5.55128
534	5.56121
535	5.57125
536	5.58121
537	5.59122
538	5.60122
539	5.61125
540	5.62122
541	5.63128
542	5.64124
543	5.65126
544	5.66126
545	5.67124
546	5.68128
547	5.69131
548	5.70129
549	5.71134
550	5.72136
551	5.7314
552	5.74145
553	5.75135
554	5.76135
555	5.77138
556	5.7813
557	5.79138
558	5.8014
559	5.81132
560	5.82134
561	5.83134
562	5.84133
563	5.85138
564	5.86137
565	5.87139
566	5.88144
567	5.8914
568	5.90142
569	5.91146
570	5.92143
571	5.93155
572	5.94154
573	5.95146
574	5.96152
575	5.97151
576	5.98146
577	5.99148
578	6.00148
579	6.01147
580	6.02146
581	6.03145
582	6.04148
583	6.05156
584	6.06152
585	6.07149
586	6.08155
587	6.09153
588	6.10154
589	6.11156
590	6.12157
591	6.13171
592	6.14159
593	6.15169
594	6.16164
595	6.17159
596	6.18163
597	6.19159
598	6.2016
599	6.21161
600	6.22166
601	6.23158
602	6.2416
603	6.25163
604	6.2616
605	6.27165
606	6.28164
607	6.29166
608	6.30169
609	6.31167
610	6.3217
611	6.33175
612	6.34173
613	6.3518
614	6.36177
615	6.37168
616	6.38176
617	6.39175
618	6.40173
619	6.41175
620	6.42174
621	6.43175
622	6.44174
623	6.45175
624	6.46177
625	6.47184
626	6.48178
627	6.49186
628	6.50179
629	6.51181
630	6.52183
631	6.53181
632	6.54187
633	6.55196
634	6.5618
635	6.57183
636	6.58188
637	6.59185
638	6.60188
639	6.61186
640	6.62187
641	6.63211
642	6.64188
643	6.65188
644	6.66189
645	6.67188
646	6.6819
647	6.69191
648	6.70191
649	6.71195
650	6.72198
651	6.73193
652	6.74205
653	6.75242
654	6.762
655	6.77204
656	6.782
657	6.79198
658	6.80202
659	6.81198
660	6.82199
661	6.83202
662	6.842
663	6.852
664	6.86201
665	6.87199
666	6.88205
667	6.89204
668	6.90203
669	6.91204
670	6.92207
671	6.93208
672	6.9422
673	6.95216
674	6.96224
675	6.97218
676	6.98209
677	6.99214
678	7.0021
679	7.01213
680	7.02214
681	7.03214
682	7.04212
683	7.05218
684	7.06216
685	7.07214
686	7.08217
687	7.09216
688	7.10215
689	7.11218
690	7.12217
691	7.13219
692	7.14231
693	7.15219
694	7.16236
695	7.1723
696	7.18223
697	7.19227
698	7.20222
699	7.21224
700	7.22228
701	7.23225
702	7.24226
703	7.25228
704	7.26228
705	7.27226
706	7.2823
707	7.29228
708	7.30234
709	7.31229
710	7.32227
711	7.33232
712	7.3423
713	7.35241
714	7.36247
715	7.3723
716	7.38241
717	7.39239
718	7.40235
719	7.41236
720	7.42235
721	7.43234
722	7.44237
723	7.45237
724	7.46235
725	7.47244
726	7.48241
727	7.49238
728	7.50247
729	7.51244
730	7.52243
731	7.53243
732	7.54244
733	7.55255
734	7.5625
735	7.57249
736	7.58252
737	7.59251
738	7.60245
739	7.61252
740	7.62249
741	7.63249
742	7.64256
743	7.65251
744	7.66252
745	7.67255
746	7.68252
747	7.69254
748	7.70254
749	7.71253
750	7.72258
751	7.73259
752	7.74255
753	7.75264
754	7.76257
755	7.7727
756	7.78264
757	7.79258
758	7.80264
759	7.81263
760	7.82261
761	7.83264
762	7.84265
763	7.85263
764	7.86265
765	7.87265
766	7.88264
767	7.89269
768	7.90266
769	7.91266
770	7.92269
771	7.93268
772	7.94268
773	7.95274
774	7.96273
775	7.97286
776	7.98275
777	7.99272
778	8.00277
779	8.01275
780	8.02274
781	8.03274
782	8.04272
783	8.05281
784	8.06276
785	8.07274
786	8.0828
787	8.09279
788	8.10278
789	8.11277
790	8.12281
791	8.1328
792	8.14283
793	8.15281
794	8.16297
795	8.17299
796	8.18286
797	8.19292
798	8.20289
799	8.21282
800	8.2229
801	8.23285
802	8.24284
803	8.25288
804	8.26289
805	8.27289
806	8.28292
807	8.29291
808	8.30298
809	8.31292
810	8.32293
811	8.33292
812	8.34293
813	8.35294
814	8.36306
815	8.37296
816	8.38302
817	8.39306
818	8.40298
819	8.41298
820	8.42298
821	8.43295
822	8.44298
823	8.45298
824	8.46297
825	8.47305
826	8.48303
827	8.49302
828	8.50303
829	8.51307
830	8.52306
831	8.53305
832	8.54306
833	8.55311
834	8.56319
835	8.57308
836	8.58317
837	8.59317
838	8.6031
839	8.61315
840	8.62311
841	8.63311
842	8.64318
843	8.65313
844	8.66313
845	8.67312
846	8.68314
847	8.69316
848	8.70316
849	8.71317
850	8.72325
851	8.73317
852	8.74318
853	8.75319
854	8.76319
855	8.77324
856	8.78332
857	8.79319
858	8.80327
859	8.81322
860	8.82319
861	8.83324
862	8.84328
863	8.85325
864	8.86327
865	8.87327
866	8.88327
867	8.89331
868	8.90326
869	8.91329
870	8.9233
871	8.93329
872	8.94329
873	8.95331
874	8.96332
875	8.97346
876	8.98341
877	8.99335
878	9.00341
879	9.01341
880	9.02336
881	9.03336
882	9.04338
883	9.05342
884	9.06339
885	9.07342
886	9.08339
887	9.09339
888	9.10341
889	9.11342
890	9.1234
891	9.13342
892	9.14348
893	9.15346
894	9.16346
895	9.17354
896	9.18348
897	9.19356
898	9.20353
899	9.21345
900	9.22352
901	9.23348
902	9.24346
903	9.25349
904	9.26349
905	9.27349
906	9.28351
907	9.29352
908	9.30373
909	9.31352
910	9.32354
911	9.33356
912	9.34356
913	9.35356
914	9.36357
915	9.37374
916	9.38368
917	9.39377
918	9.40362
919	9.41361
920	9.42372
921	9.43363
922	9.4436
923	9.45366
924	9.46364
925	9.47369
926	9.48367
927	9.49365
928	9.50368
929	9.51371
930	9.52367
931	9.53373
932	9.54369
933	9.55365
934	9.5637
935	9.5737
936	9.58377
937	9.59386
938	9.60372
939	9.61375
940	9.62377
941	9.63371
942	9.6438
943	9.65375
944	9.66376
945	9.6738
946	9.68378
947	9.69377
948	9.70378
949	9.7138
950	9.72384
951	9.73378
952	9.7438
953	9.75379
954	9.76379
955	9.77382
956	9.78395
957	9.79392
958	9.80389
959	9.81391
960	9.8239
961	9.83387
962	9.84389
963	9.85387
964	9.86388
965	9.87388
966	9.8839
967	9.89396
968	9.9039
969	9.91391
970	9.92391
971	9.93392
972	9.94393
973	9.95394
974	9.96394
975	9.97399
976	9.98403
977	9.99397
978	10.0041
979	10.0141
980	10.024
981	10.034
982	10.044
983	10.054
984	10.064
985	10.074
986	10.084
987	10.094
988	10.104
989	10.114
990	10.124
991	10.134
992	10.1441
993	10.1541
994	10.1641
995	10.174
996	10.1842
997	10.1941
998	10.2042
999	10.2142
1000	10.2241
1001	10.2341
1002	10.2442
1003	10.2541
1004	10.2641
1005	10.2741
1006	10.2841
1007	10.2942
1008	10.3041
1009	10.3142
1010	10.3242
1011	10.3342
1012	10.3442
1013	10.3542
1014	10.3642
1015	10.3742
1016	10.3842
1017	10.3944
1018	10.4044
1019	10.4143
1020	10.4243
1021	10.4343
1022	10.4442
1023	10.4542
1024	10.4642
1025	10.4743
1026	10.4843
1027	10.4943
1028	10.5043
1029	10.5143
1030	10.5243
1031	10.5343
1032	10.5444
1033	10.5543
1034	10.5644
1035	10.5743
1036	10.5843
1037	10.5945
1038	10.6045
1039	10.6145
1040	10.6244
1041	10.6344
1042	10.6444
1043	10.6544
1044	10.6644
1045	10.6744
1046	10.6844
1047	10.6944
1048	10.7044
1049	10.7144
1050	10.7245
1051	10.7344
1052	10.7444
1053	10.7544
1054	10.7644
1055	10.7744
1056	10.7845
1057	10.7946
1058	10.8045
1059	10.8146
1060	10.8245
1061	10.8345
1062	10.8445
1063	10.8545
1064	10.8645
1065	10.8745
1066	10.8845
1067	10.8945
1068	10.9045
1069	10.9145
1070	10.9245
1071	10.9345
1072	10.9445
1073	10.9546
1074	10.9646
1075	10.9746
1076	10.9846
1077	10.9947
1078	11.0046
1079	11.0147
1080	11.0247
1081	11.0346
1082	11.0447
1083	11.0546
1084	11.0647
1085	11.0746
1086	11.0846
1087	11.0946
1088	11.1046
1089	11.1146
1090	11.1247
1091	11.1347
1092	11.1447
1093	11.1547
1094	11.1647
1095	11.1747
1096	11.1847
1097	11.1947
1098	11.2048
1099	11.2148
1100	11.2248
1101	11.2348
1102	11.2448
1103	11.2548
1104	11.2648
1105	11.2748
1106	11.2848
1107	11.2948
1108	11.3048
1109	11.3148
1110	11.3248
1111	11.3348
1112	11.3448
1113	11.3548
1114	11.3648
1115	11.3748
1116	11.3849
1117	11.3949
1118	11.4049
1119	11.4149
1120	11.4249
1121	11.4349
1122	11.4448
1123	11.4549
1124	11.4649
1125	11.4749
1126	11.4849
1127	11.4949
1128	11.5049
1129	11.5149
1130	11.5249
1131	11.5349
1132	11.5449
1133	11.5549
1134	11.565
1135	11.5749
1136	11.585
1137	11.595
1138	11.6051
1139	11.615
1140	11.6251
1141	11.635
1142	11.645
1143	11.655
1144	11.665
1145	11.675
1146	11.685
1147	11.695
1148	11.705
1149	11.7151
1150	11.7251
1151	11.735
1152	11.7451
1153	11.7551
1154	11.765
1155	11.7751
1156	11.7851
1157	11.7951
1158	11.8051
1159	11.8153
1160	11.8252
1161	11.8351
1162	11.8451
1163	11.8552
1164	11.8651
1165	11.8751
1166	11.8852
1167	11.8952
1168	11.9052
1169	11.9152
1170	11.9252
1171	11.9351
1172	11.9452
1173	11.9552
1174	11.9652
1175	11.9754
1176	11.9852
1177	11.9952
1178	12.0052
1179	12.0154
1180	12.0253
1181	12.0352
1182	12.0453
1183	12.0553
1184	12.0653
1185	12.0752
1186	12.0853
1187	12.0952
1188	12.1053
1189	12.1153
1190	12.1253
1191	12.1353
1192	12.1453
1193	12.1553
1194	12.1653
1195	12.1753
1196	12.1853
1197	12.1953
1198	12.2053
1199	12.2154
1200	12.2254
1201	12.2354
1202	12.2454
1203	12.2554
1204	12.2654
1205	12.2754
1206	12.2854
1207	12.2954
1208	12.3055
1209	12.3154
1210	12.3254
1211	12.3354
1212	12.3454
1213	12.3554
1214	12.3654
1215	12.3755
1216	12.3855
1217	12.3955
1218	12.4055
1219	12.4156
1220	12.4255
1221	12.4356
1222	12.4456
1223	12.4555
1224	12.4655
1225	12.4755
1226	12.4855
1227	12.4955
1228	12.5055
1229	12.5155
1230	12.5255
1231	12.5355
1232	12.5455
1233	12.5556
1234	12.5656
1235	12.5757
1236	12.5856
1237	12.5956
1238	12.6056
1239	12.6157
1240	12.6257
1241	12.6358
1242	12.6457
1243	12.6556
1244	12.6657
1245	12.6756
1246	12.6856
1247	12.6956
1248	12.7057
1249	12.7157
1250	12.7256
1251	12.7357
1252	12.7457
1253	12.7557
1254	12.7657
1255	12.7757
1256	12.7857
1257	12.7957
1258	12.8057
1259	12.8158
1260	12.8259
1261	12.8358
1262	12.8458
1263	12.8558
1264	12.8658
1265	12.8758
1266	12.8858
1267	12.8958
1268	12.9058
1269	12.9158
1270	12.9257
1271	12.9358
1272	12.9458
1273	12.9558
1274	12.9658
1275	12.9758
1276	12.9859
1277	12.9958
1278	13.0058
1279	13.0158
1280	13.026
1281	13.0359
1282	13.046
1283	13.0559
1284	13.0659
1285	13.0759
1286	13.0859
1287	13.0959
1288	13.1059
1289	13.1159
1290	13.1259
1291	13.136
1292	13.146
1293	13.1559
1294	13.1659
1295	13.1759
1296	13.1859
1297	13.1959
1298	13.206
1299	13.216
1300	13.226
1301	13.236
1302	13.2461
1303	13.256
1304	13.266
1305	13.276
1306	13.286
1307	13.296
1308	13.306
1309	13.3161
1310	13.3261
1311	13.336
1312	13.346
1313	13.3561
1314	13.366
1315	13.3761
1316	13.3861
1317	13.3961
1318	13.4061
1319	13.4161
1320	13.4261
1321	13.4362
1322	13.4462
1323	13.4561
1324	13.4662
1325	13.4762
1326	13.4862
1327	13.4961
1328	13.5061
1329	13.5162
1330	13.5262
1331	13.5362
1332	13.5462
1333	13.5562
1334	13.5662
1335	13.5762
1336	13.5863
1337	13.5962
1338	13.6062
1339	13.6162
1340	13.6262
1341	13.6363
1342	13.6463
1343	13.6563
1344	13.6663
1345	13.6763
1346	13.6863
1347	13.6963
1348	13.7063
1349	13.7163
1350	13.7263
1351	13.7363
1352	13.7463
1353	13.7563
1354	13.7663
1355	13.7763
1356	13.7864
1357	13.7963
1358	13.8063
1359	13.8164
1360	13.8263
1361	13.8365
1362	13.8464
1363	13.8565
1364	13.8664
1365	13.8764
1366	13.8864
1367	13.8964
1368	13.9064
1369	13.9164
1370	13.9264
1371	13.9364
1372	13.9464
1373	13.9564
1374	13.9664
1375	13.9764
1376	13.9865
1377	13.9964
1378	14.0065
1379	14.0165
1380	14.0265
1381	14.0366
1382	14.0465
1383	14.0566
1384	14.0666
1385	14.0765
1386	14.0866
1387	14.0965
1388	14.1065
1389	14.1165
1390	14.1265
1391	14.1365
1392	14.1466
1393	14.1565
1394	14.1666
1395	14.1766
1396	14.1866
1397	14.1966
1398	14.2066
1399	14.2166
1400	14.2266
1401	14.2366
1402	14.2467
1403	14.2568
1404	14.2667
1405	14.2767
1406	14.2867
1407	14.2966
1408	14.3067
1409	14.3167
1410	14.3267
1411	14.3367
1412	14.3467
1413	14.3567
1414	14.3667
1415	14.3767
1416	14.3867
1417	14.3968
1418	14.4067
1419	14.4167
1420	14.4267
1421	14.4367
1422	14.4468
1423	14.4568
1424	14.4668
1425	14.4768
1426	14.4868
1427	14.4968
1428	14.5068
1429	14.5168
1430	14.5268
1431	14.5368
1432	14.5468
1433	14.5568
1434	14.5669
1435	14.5768
1436	14.5868
1437	14.5968
1438	14.6068
1439	14.6169
1440	14.6269
1441	14.6368
1442	14.6472
1443	14.6569
1444	14.667
1445	14.6769
1446	14.6869
1447	14.6969
1448	14.7069
1449	14.7169
1450	14.7269
1451	14.737
1452	14.7469
1453	14.7569
1454	14.7669
1455	14.777
1456	14.787
1457	14.7969
1458	14.807
1459	14.817
1460	14.827
1461	14.837
1462	14.847
1463	14.857
1464	14.8682
1465	14.8772
1466	14.8871
1467	14.897
1468	14.907
1469	14.917
1470	14.927
1471	14.937
1472	14.947
1473	14.9571
1474	14.9671
1475	14.9771
1476	14.9871
1477	14.9971
1478	15.0071
1479	15.0171
1480	15.0271
1481	15.0371
1482	15.0471
1483	15.0573
1484	15.0673
1485	15.0772
1486	15.0872
1487	15.0972
1488	15.1071
1489	15.1172
1490	15.1271
1491	15.1371
1492	15.1471
1493	15.1572
1494	15.1672
1495	15.1772
1496	15.1872
1497	15.1972
1498	15.2072
1499	15.2172
1500	15.2272
1501	15.2373
1502	15.2472
1503	15.2573
1504	15.2673
1505	15.2774
1506	15.2873
1507	15.2973
1508	15.3073
1509	15.3173
1510	15.3273
1511	15.3373
1512	15.3473
1513	15.3573
1514	15.3673
1515	15.3773
1516	15.3873
1517	15.3974
1518	15.4074
1519	15.4173
1520	15.4273
1521	15.4373
1522	15.4474
1523	15.4575
1524	15.4675
1525	15.4775
1526	15.4874
1527	15.4974
1528	15.5074
1529	15.5174
1530	15.5274
1531	15.5374
1532	15.5474
1533	15.5574
1534	15.5675
1535	15.5774
1536	15.5875
1537	15.5975
1538	15.6075
1539	15.6175
1540	15.6275
1541	15.6375
1542	15.6475
1543	15.6575
1544	15.6675
1545	15.6776
1546	15.6875
1547	15.6976
1548	15.7076
1549	15.7175
1550	15.7275
1551	15.7376
1552	15.7475
1553	15.7575
1554	15.7676
1555	15.7775
1556	15.7875
1557	15.7975
1558	15.8076
1559	15.8177
1560	15.8276
1561	15.8376
1562	15.8476
1563	15.8576
1564	15.8677
1565	15.8777
1566	15.8877
1567	15.8977
1568	15.9077
1569	15.9176
1570	15.9277
1571	15.9376
1572	15.9477
1573	15.9577
1574	15.9677
1575	15.9777
1576	15.9877
1577	15.9977
1578	16.0077
1579	16.0177
1580	16.0277
1581	16.0377
1582	16.0478
1583	16.0577
1584	16.0679
1585	16.0778
1586	16.0879
1587	16.0978
1588	16.1077
1589	16.1179
1590	16.1278
1591	16.1378
1592	16.1478
1593	16.1578
1594	16.1678
1595	16.1778
1596	16.1879
1597	16.1978
1598	16.2078
1599	16.2178
1600	16.2278
1601	16.2379
1602	16.2479
1603	16.2579
1604	16.268
1605	16.2779
1606	16.288
1607	16.298
1608	16.3079
1609	16.318
1610	16.3279
1611	16.3379
1612	16.3479
1613	16.3579
1614	16.3679
1615	16.3779
1616	16.3879
1617	16.398
1618	16.408
1619	16.418
1620	16.4279
1621	16.438
1622	16.448
1623	16.458
1624	16.468
1625	16.4781
1626	16.4882
1627	16.498
1628	16.5081
1629	16.5181
1630	16.528
1631	16.538
1632	16.548
1633	16.558
1634	16.5681
1635	16.5781
1636	16.5881
1637	16.5981
1638	16.6081
1639	16.6181
1640	16.6282
1641	16.6381
1642	16.6481
1643	16.6582
1644	16.6681
1645	16.6783
1646	16.6882
1647	16.6983
1648	16.7083
1649	16.7182
1650	16.7282
1651	16.7382
1652	16.7482
1653	16.7582
1654	16.7682
1655	16.7782
1656	16.7882
1657	16.7982
1658	16.8082
1659	16.8183
1660	16.8282
1661	16.8382
1662	16.8482
1663	16.8582
1664	16.8682
1665	16.8784
1666	16.8883
1667	16.8984
1668	16.9084
1669	16.9183
1670	16.9283
1671	16.9383
1672	16.9483
1673	16.9583
1674	16.9683
1675	16.9783
1676	16.9884
1677	16.9983
1678	17.0084
1679	17.0183
1680	17.0283
1681	17.0383
1682	17.0484
1683	17.0584
1684	17.0684
1685	17.0784
1686	17.0884
1687	17.0985
1688	17.1084
1689	17.1184
1690	17.1284
1691	17.1384
1692	17.1484
1693	17.1585
1694	17.1684
1695	17.1784
1696	17.1885
1697	17.1984
1698	17.2085
1699	17.2185
1700	17.2285
1701	17.2385
1702	17.2485
1703	17.2585
1704	17.2685
1705	17.2785
1706	17.2886
1707	17.2986
1708	17.3086
1709	17.3188
1710	17.3285
1711	17.3385
1712	17.3485
1713	17.3586
1714	17.3685
1715	17.3785
1716	17.3886
1717	17.3986
1718	17.4086
1719	17.4186
1720	17.4286
1721	17.4386
1722	17.4486
1723	17.4586
1724	17.4686
1725	17.4786
1726	17.4887
1727	17.4986
1728	17.5087
1729	17.5187
1730	17.5287
1731	17.5387
1732	17.5487
1733	17.5587
1734	17.5687
1735	17.5787
1736	17.5887
1737	17.5987
1738	17.6087
1739	17.6187
1740	17.6287
1741	17.6387
1742	17.6487
1743	17.6588
1744	17.6687
1745	17.6788
1746	17.6888
1747	17.6987
1748	17.7089
1749	17.7189
1750	17.7288
1751	17.7389
1752	17.7488
1753	17.7588
1754	17.7688
1755	17.7789
1756	17.7888
1757	17.7988
1758	17.8088
1759	17.8188
1760	17.8289
1761	17.8388
1762	17.8489
1763	17.8588
1764	17.8689
1765	17.8789
1766	17.8889
1767	17.899
1768	17.9091
1769	17.9189
1770	17.9289
1771	17.939
1772	17.9489
1773	17.9589
1774	17.9689
1775	17.9789
1776	17.989
1777	17.9989
1778	18.0089
1779	18.019
1780	18.029
1781	18.039
1782	18.049
1783	18.059
1784	18.069
1785	18.079
1786	18.089
1787	18.0991
1788	18.1091
1789	18.1191
1790	18.1291
1791	18.1391
1792	18.149
1793	18.1591
1794	18.169
1795	18.1791
1796	18.1891
1797	18.1991
1798	18.2091
1799	18.2191

