L1	L2	L3	L4	R1	R2	R3	R4	
776	822	795	794	1119	1159	1091	1151	
782	836	773	781	1136	1143	1122	1093	
774	803	770	795	1112	1119	1153	1139	
769	775	769	765	1085	1106	1163	1148	
763	756	801	813	1102	1138	1142	1135	
769	810	819	823	1159	1156	1084	1088	
816	812	775	785	1162	1093	1157	1145	
786	801	763	836	1139	1143	1125	1090	
765	825	759	784	1154	1101	1153	1162	
812	761	814	791	1111	1129	1151	1110	
756	822	769	829	1125	1115	1131	1138	
836	758	784	817	1117	1135	1114	1100	
796	792	788	809	1085	1120	1097	1123	
807	834	772	806	1149	1120	1159	1099	
788	804	830	802	1124	1108	1147	1130	
795	827	835	765	1106	1161	1090	1153	
770	783	803	815	1109	1137	1095	1154	
802	799	834	778	1124	1109	1154	1117	
822	768	779	826	1085	1151	1125	1090	
791	819	779	756	1130	1154	1131	1133	
814	830	778	769	1143	1161	1134	1113	
767	783	836	810	1111	1130	1108	1154	
767	796	826	757	1147	1093	1137	1104	
786	834	820	801	1085	1115	1098	1142	
822	785	777	831	1158	1134	1113	1090	
768	773	829	768	1161	1116	1104	1153	
805	812	797	765	1112	1121	1118	1143	
826	802	819	818	1104	1123	1117	1095	
799	780	770	792	1124	1105	1094	1159	
793	779	791	819	1130	1093	1153	1143	
783	773	761	831	1128	1150	1084	1151	
835	782	802	812	1150	1135	1134	1087	
781	791	821	811	1118	1130	1157	1099	
793	797	803	811	1160	1112	1144	1125	
789	793	820	836	1113	1124	1160	1100	
807	761	812	777	1141	1124	1091	1100	
805	810	805	758	1133	1108	1161	1099	
761	782	759	810	1118	1123	1084	1126	
771	756	767	833	1108	1116	1101	1140	
768	785	826	831	1152	1161	1129	1084	
820	782	790	814	1136	1150	1141	1095	
762	816	769	806	1163	1146	1102	1115	
758	767	824	765	1104	1106	1120	1117	
799	778	836	758	1096	1131	1156	1091	
806	761	816	778	1110	1158	1134	1086	
806	786	770	828	1090	1138	1144	1117	
807	812	771	756	1086	1114	1157	1145	
822	775	820	769	1151	1152	1140	1098	
824	757	761	784	1144	1140	1105	1084	
771	803	766	830	1153	1094	1163	1121	
822	787	781	765	1140	1103	1095	1085	
789	770	809	773	1152	1090	1094	1117	
835	766	757	812	1114	1152	1098	1102	
770	777	815	817	1156	1105	1124	1143	
784	831	757	832	1102	1149	1157	1110	
829	769	826	769	1151	1120	1132	1099	
783	774	757	818	1090	1112	1140	1142	
775	772	778	802	1121	1154	1140	1117	
769	760	771	827	1108	1093	1126	1150	
761	809	783	824	1128	1101	1161	1098	
789	779	773	830	1092	1134	1138	1093	
821	765	780	826	1124	1130	1109	1090	
813	760	820	766	1097	1157	1125	1147	
779	826	817	832	1153	1154	1125	1116	
790	792	790	760	1151	1118	1143	1089	
770	790	793	756	1098	1094	1117	1130	
822	801	763	824	1097	1101	1095	1115	
790	821	822	758	1161	1092	1145	1149	
766	773	817	830	1112	1092	1162	1106	
765	793	819	787	1161	1161	1086	1094	
766	794	822	790	1152	1163	1095	1090	
834	759	788	822	1118	1155	1113	1136	
813	803	762	759	1153	1163	1144	1098	
790	771	761	820	1162	1132	1091	1120	
826	800	778	757	1123	1100	1100	1126	
798	793	787	763	1124	1144	1103	1143	
771	774	763	830	1102	1099	1130	1150	
836	830	784	824	1105	1162	1111	1105	
800	824	782	784	1140	1084	1116	1085	
799	802	787	766	1135	1107	1136	1125	
824	824	770	795	1125	1116	1115	1115	
798	834	806	771	1116	1134	1116	1132	
778	823	793	807	1094	1154	1095	1104	
817	794	777	776	1103	1146	1100	1157	
793	770	835	756	1094	1150	1130	1127	
761	808	773	797	1117	1089	1095	1095	
786	816	760	762	1142	1146	1109	1089	
807	831	795	784	1124	1136	1156	1103	
825	797	804	758	1163	1097	1088	1140	
809	793	781	760	1148	1158	1098	1100	
827	792	829	756	1134	1110	1148	1085	
790	756	830	771	1099	1127	1143	1089	
779	756	833	786	1121	1125	1106	1162	
775	774	826	761	1139	1125	1094	1113	
811	826	780	760	1147	1108	1109	1097	
769	821	820	760	1124	1123	1089	1117	
786	789	830	759	1156	1101	1127	1119	
810	769	802	782	1161	1123	1093	1104	
789	830	762	828	1118	1158	1100	1092	
786	811	772	823	1116	1095	1154	1098	
761	798	786	825	1152	1097	1097	1122	
767	787	802	770	1106	1161	1088	1156	
770	815	822	794	1130	1144	1157	1089	
825	771	817	833	1104	1117	1139	1148	
810	799	762	779	1148	1096	1114	1086	
820	800	780	810	1120	1151	1161	1161	
792	835	819	783	1134	1099	1111	1144	
773	775	819	803	1146	1154	1119	1129	
780	833	794	764	1131	1096	1104	1089	
817	787	817	766	1095	1085	1149	1151	
771	762	771	822	1099	1152	1130	1160	
786	798	836	790	1161	1162	1144	1093	
815	802	833	777	1108	1137	1104	1157	
756	790	783	772	1092	1126	1153	1143	
815	756	771	815	1103	1111	1094	1143	
771	807	788	769	1153	1139	1117	1090	
835	790	794	761	1094	1152	1123	1156	
764	811	761	826	1140	1156	1144	1133	
789	822	812	772	1128	1123	1095	1144	
832	781	760	822	1138	1102	1089	1110	
797	808	798	773	1111	1133	1163	1109	
785	782	817	831	1147	1085	1117	1084	
802	790	807	830	1148	1104	1114	1142	
814	803	784	764	1115	1162	1137	1103	
781	807	830	770	1155	1114	1108	1099	
804	824	786	759	1103	1084	1150	1148	
796	793	820	826	1152	1147	1095	1085	
807	822	760	776	1103	1114	1144	1107	
823	788	775	810	1104	1105	1149	1147	
772	803	820	822	1115	1095	1109	1162	
805	836	773	831	1121	1159	1131	1146	
818	786	792	836	1127	1145	1110	1092	
800	827	791	806	1085	1132	1151	1157	
802	768	760	806	1131	1152	1144	1091	
802	821	776	777	1116	1151	1163	1103	
825	812	762	815	1124	1151	1125	1099	
802	806	783	821	1157	1127	1141	1111	
759	808	765	812	1137	1114	1097	1120	
805	763	829	830	1137	1143	1105	1084	
765	830	774	792	1104	1161	1092	1131	
796	823	809	787	1125	1146	1114	1162	
770	770	797	830	1132	1109	1129	1096	
812	808	812	759	1159	1117	1163	1110	
792	808	814	760	1102	1128	1095	1148	
799	763	820	786	1145	1145	1128	1112	
826	805	791	831	1133	1151	1141	1087	
790	816	835	761	1127	1132	1125	1163	
805	793	768	828	1147	1115	1157	1132	
803	804	764	819	1088	1105	1156	1152	
817	817	836	759	1144	1138	1145	1163	
820	775	777	826	1140	1107	1156	1150	
814	834	823	818	1085	1130	1132	1154	
798	763	832	819	1104	1160	1144	1119	
768	823	815	762	1153	1151	1111	1090	
822	759	820	811	1151	1095	1161	1093	
790	787	813	759	1100	1162	1095	1141	
769	834	823	765	1121	1152	1161	1114	
765	759	783	829	1106	1137	1161	1102	
776	832	759	797	1107	1115	1122	1139	
767	783	777	771	1125	1138	1084	1147	
761	815	796	814	1136	1096	1144	1084	
788	776	768	825	1125	1113	1089	1149	
762	800	817	757	1143	1129	1135	1123	
813	793	763	766	1163	1128	1119	1098	
817	770	783	816	1141	1085	1095	1129	
796	774	818	785	1157	1119	1108	1155	
788	817	781	759	1113	1140	1151	1099	
824	814	766	810	1113	1092	1149	1090	
834	777	813	787	1093	1141	1106	1089	
773	776	812	770	1126	1156	1141	1112	
816	833	774	757	1121	1124	1107	1156	
822	826	759	796	1116	1157	1104	1116	
802	768	835	783	1160	1105	1134	1102	
807	799	777	834	1161	1126	1085	1109	
765	811	804	830	1140	1146	1140	1096	
803	803	812	804	1119	1152	1102	1147	
766	802	794	835	1105	1140	1121	1130	
830	784	831	765	1089	1114	1135	1143	
778	768	775	766	1126	1104	1085	1084	
784	833	812	781	1146	1161	1108	1105	
773	833	771	831	1120	1133	1138	1159	
798	827	776	795	1085	1156	1092	1133	
759	820	835	835	1086	1148	1138	1155	
786	777	815	836	1119	1156	1138	1089	
764	765	823	779	1110	1163	1092	1141	
820	803	799	771	1154	1129	1133	1089	
789	796	794	836	1097	1162	1156	1121	
816	782	758	813	1157	1119	1130	1088	
804	820	833	788	1124	1094	1123	1114	
770	792	808	768	1126	1126	1147	1103	
834	784	772	828	1128	1133	1093	1099	
817	776	827	772	1092	1120	1149	1093	
825	787	808	773	1133	1135	1153	1139	
782	810	819	792	1128	1104	1160	1092	
827	785	783	827	1156	1134	1111	1092	
799	789	786	825	1149	1088	1086	1112	
818	762	759	811	1099	1117	1157	1155	
764	816	804	808	1086	1086	1119	1163	
831	820	771	761	1145	1092	1156	1101	
802	831	781	820	1142	1161	1104	1149	
827	757	822	806	1151	1121	1106	1105	
794	803	811	769	1127	1124	1163	1112	
767	782	791	819	1132	1140	1099	1150	
785	758	780	761	1151	1101	1161	1085	
763	777	757	823	1128	1121	1100	1124	
819	826	805	786	1099	1146	1139	1087	
836	808	787	816	1121	1087	1144	1153	
776	828	820	818	1089	1142	1138	1126	
808	756	809	769	1123	1116	1155	1102	
790	808	777	777	1157	1084	1136	1124	
809	757	797	760	1096	1129	1139	1157	
763	804	788	804	1125	1106	1088	1163	
830	761	764	820	1135	1086	1125	1139	
784	814	798	821	1106	1094	1096	1145	
805	758	789	804	1142	1092	1090	1107	
784	782	769	818	1123	1142	1086	1111	
829	787	829	769	1132	1094	1157	1144	
765	769	792	834	1135	1099	1096	1137	
774	825	811	771	1136	1090	1151	1155	
796	831	786	761	1153	1123	1089	1150	
777	828	798	781	1114	1102	1086	1109	
819	761	761	822	1142	1097	1086	1157	
789	835	770	758	1140	1133	1091	1103	
781	777	809	828	1144	1097	1154	1095	
777	801	767	762	1151	1098	1126	1162	
819	799	795	794	1129	1118	1134	1094	
767	797	830	831	1095	1126	1139	1155	
815	763	826	799	1085	1111	1100	1104	
799	760	783	818	1130	1120	1125	1087	
827	801	812	780	1113	1136	1092	1085	
815	813	791	766	1134	1118	1139	1163	
826	834	765	794	1137	1104	1143	1124	
769	811	829	783	1117	1122	1086	1116	
781	768	806	828	1108	1138	1091	1132	
834	795	761	802	1115	1098	1117	1111	
774	832	809	785	1091	1123	1162	1121	
832	823	797	757	1113	1148	1146	1092	
810	813	775	826	1106	1142	1156	1151	
757	759	817	764	1161	1087	1122	1096	
820	836	765	785	1105	1149	1151	1152	
806	773	769	832	1136	1126	1108	1147	
790	796	827	772	1125	1118	1150	1105	
814	774	824	757	1126	1133	1096	1130	
799	799	780	756	1089	1085	1106	1122	
824	758	801	812	1100	1111	1157	1150	
777	762	767	829	1157	1121	1143	1084	
823	814	836	785	1127	1155	1097	1151	
770	819	797	824	1144	1087	1100	1135	
821	792	802	765	1107	1143	1154	1105	
819	783	801	810	1106	1117	1146	1161	
812	802	813	763	1096	1123	1105	1088	
836	795	809	779	1105	1092	1162	1161	
783	827	830	767	1141	1126	1124	1147	
828	761	763	824	1138	1125	1106	1161	
831	788	774	818	1133	1135	1141	1104	
784	760	815	814	1148	1128	1130	1090	
810	778	757	771	1111	1112	1110	1161	
776	775	816	762	1106	1089	1145	1156	
816	781	778	783	1104	1109	1143	1119	
827	756	809	832	1101	1159	1151	1092	
792	782	788	828	1147	1120	1113	1142	
777	803	764	831	1136	1115	1093	1159	
814	833	782	801	1131	1102	1121	1143	
783	834	793	835	1125	1131	1107	1134	
811	782	836	836	1105	1112	1103	1143	
828	775	799	764	1135	1105	1148	1090	
788	800	759	834	1156	1136	1085	1097	
826	761	773	809	1096	1137	1126	1153	
816	804	818	831	1148	1138	1141	1084	
816	791	774	787	1136	1128	1086	1099	
826	760	789	820	1129	1155	1129	1140	
814	817	771	760	1089	1160	1088	1148	
797	804	832	767	1103	1114	1146	1148	
793	806	820	761	1100	1102	1091	1138	
817	787	809	769	1158	1152	1100	1099	
758	788	829	761	1111	1151	1086	1097	
832	773	806	767	1087	1139	1142	1111	
814	828	779	779	1151	1086	1103	1158	
762	830	764	762	1126	1084	1088	1158	
810	759	811	805	1135	1134	1142	1114	
790	765	825	829	1086	1137	1123	1108	
807	800	758	811	1090	1130	1135	1145	
831	794	769	805	1143	1087	1093	1143	
802	773	779	809	1139	1163	1152	1124	
830	760	808	785	1161	1160	1085	1101	
811	812	772	816	1085	1153	1094	1155	
811	825	832	806	1097	1161	1100	1156	
770	808	768	820	1134	1099	1158	1113	
818	787	786	796	1141	1163	1158	1118	
768	828	773	791	1097	1088	1146	1145	
809	770	822	765	1114	1163	1155	1133	
833	808	766	791	1111	1092	1101	1154	
835	776	810	778	1161	1102	1114	1104	
777	826	829	760	1091	1100	1162	1156	
808	827	775	782	1098	1115	1086	1139	
806	825	787	769	1102	1159	1160	1144	
797	820	812	769	1160	1085	1106	1093	
783	769	830	811	1105	1127	1147	1108	
791	824	780	834	1088	1139	1125	1162	
812	827	795	767	1131	1085	1142	1152	
813	817	784	831	1118	1132	1095	1146	
795	773	828	771	1098	1115	1137	1161	
804	770	813	805	1135	1138	1155	1132	
796	794	811	758	1140	1109	1086	1105	
832	758	810	812	1107	1106	1124	1131	
816	776	803	777	1112	1106	1153	1137	
802	827	770	823	1103	1156	1117	1155	
782	816	813	802	1136	1123	1098	1091	
771	792	806	784	1146	1149	1090	1120	
801	799	808	774	1115	1138	1106	1147	
826	812	766	800	1111	1152	1094	1156	
823	760	785	783	1139	1092	1115	1151	
774	777	801	835	1114	1123	1124	1108	
819	784	816	757	1104	1153	1092	1140	
817	761	828	814	1136	1158	1135	1085	
819	827	775	823	1131	1091	1109	1153	
757	827	783	833	1102	1091	1151	1095	
756	834	776	831	1111	1162	1114	1090	
806	768	774	777	1154	1105	1115	1161	
768	776	826	793	1105	1156	1095	1086	
824	817	805	782	1116	1114	1097	1086	
815	805	784	791	1160	1142	1129	1088	
823	772	773	762	1096	1142	1152	1102	
819	785	756	834	1103	1139	1138	1112	
807	794	831	784	1154	1104	1152	1157	
812	796	817	763	1157	1110	1106	1104	
794	786	774	797	1106	1104	1107	1119	
823	773	762	791	1086	1105	1126	1116	
836	797	793	836	1143	1087	1089	1131	
815	788	832	804	1137	1156	1114	1161	
766	769	812	804	1113	1128	1093	1139	
798	769	803	817	1143	1161	1106	1088	
768	830	828	797	1145	1097	1087	1104	
804	772	756	798	1111	1085	1121	1139	
762	833	778	819	1136	1118	1136	1157	
775	782	793	808	1159	1094	1138	1156	
815	836	758	781	1146	1156	1103	1085	
796	799	759	812	1093	1124	1142	1117	
830	822	776	806	1163	1089	1129	1155	
801	786	834	767	1160	1114	1101	1151	
778	784	802	809	1150	1127	1086	1145	
836	765	801	767	1108	1125	1159	1095	
829	774	808	778	1100	1110	1154	1095	
830	764	787	774	1148	1088	1147	1138	
784	836	807	767	1155	1155	1135	1098	
783	787	757	817	1105	1091	1111	1085	
833	759	774	772	1149	1139	1091	1113	
817	829	767	791	1103	1157	1111	1100	
788	772	821	762	1120	1093	1162	1092	
776	778	834	780	1106	1129	1112	1160	
770	795	822	801	1120	1141	1123	1092	
795	768	768	780	1152	1121	1133	1152	
778	774	794	836	1118	1129	1110	1162	
804	803	757	761	1142	1155	1090	1117	
785	775	761	818	1093	1103	1161	1161	
812	811	803	762	1111	1116	1112	1150	
800	828	787	781	1117	1103	1153	1091	
816	812	765	808	1149	1124	1142	1144	
817	811	757	774	1087	1133	1088	1103	
816	796	756	829	1161	1160	1121	1099	
775	758	809	802	1085	1155	1144	1096	
830	761	797	793	1145	1151	1086	1116	
775	774	822	803	1122	1156	1149	1088	
834	826	773	789	1085	1116	1135	1098	
827	832	787	764	1156	1157	1124	1109	
800	774	806	795	1097	1108	1133	1117	
827	823	796	774	1100	1163	1134	1156	
829	793	810	836	1143	1157	1127	1103	
785	764	833	770	1148	1110	1086	1139	
792	760	769	800	1154	1136	1094	1159	
803	826	762	775	1133	1091	1091	1124	
819	776	767	764	1090	1136	1143	1140	
792	770	835	758	1157	1105	1156	1111	
826	785	792	774	1156	1160	1138	1127	
799	780	774	827	1142	1090	1142	1100	
759	804	816	807	1106	1101	1092	1090	
827	824	788	761	1085	1144	1099	1154	
816	797	781	760	1118	1095	1088	1120	
760	815	823	759	1126	1114	1105	1149	
814	808	757	756	1145	1087	1127	1163	
778	833	782	758	1116	1161	1123	1121	
775	818	763	832	1127	1118	1140	1160	
813	778	770	836	1097	1138	1141	1088	
801	757	786	773	1120	1084	1146	1086	
816	757	813	821	1123	1114	1085	1125	
817	765	818	774	1127	1116	1118	1095	
806	787	764	797	1146	1138	1091	1101	
782	831	834	790	1096	1144	1110	1150	
831	768	811	759	1092	1156	1127	1092	
764	794	833	822	1095	1112	1128	1088	
757	820	813	782	1091	1153	1104	1086	
781	816	831	809	1088	1105	1110	1140	
783	763	756	760	1090	1131	1106	1091	
812	769	811	759	1087	1129	1162	1123	
799	774	761	820	1156	1119	1098	1160	
807	766	836	775	1104	1121	1154	1132	
821	824	766	817	1089	1107	1154	1135	
820	778	818	830	1114	1161	1095	1140	
778	832	826	766	1105	1130	1089	1159	
820	778	777	758	1100	1123	1085	1092	
761	811	769	820	1108	1115	1124	1095	
789	824	796	799	1109	1153	1136	1110	
826	811	802	791	1093	1132	1091	1150	
833	776	820	801	1147	1136	1104	1119	
761	803	826	792	1106	1096	1152	1153	
788	798	814	776	1093	1139	1159	1156	
819	761	821	756	1112	1086	1159	1160	
787	790	791	765	1109	1138	1087	1092	
809	764	828	763	1150	1085	1113	1129	
833	812	791	758	1111	1100	1107	1111	
761	767	819	788	1130	1131	1140	1143	
798	836	765	772	1152	1087	1089	1086	
827	768	811	807	1089	1154	1159	1139	
794	807	805	786	1146	1124	1094	1155	
776	814	820	769	1108	1117	1137	1095	
826	802	785	784	1091	1146	1118	1111	
781	762	776	825	1156	1105	1105	1084	
803	764	772	817	1105	1095	1110	1147	
832	823	774	816	1108	1137	1133	1122	
829	764	805	831	1116	1089	1130	1134	
795	785	792	812	1109	1158	1090	1160	
802	801	828	769	1110	1096	1158	1110	
756	798	771	817	1124	1112	1099	1129	
815	783	785	787	1104	1114	1141	1117	
788	804	805	836	1085	1120	1094	1162	
785	781	821	795	1089	1137	1119	1138	
825	804	815	786	1162	1121	1087	1105	
763	758	812	816	1128	1107	1163	1093	
761	770	826	758	1160	1128	1089	1153	
799	779	812	801	1152	1103	1156	1090	
768	808	776	816	1148	1139	1095	1091	
796	765	835	799	1089	1158	1117	1086	
764	830	775	779	1132	1126	1112	1156	
793	807	769	764	1093	1117	1085	1122	
777	767	821	807	1126	1091	1156	1145	
776	814	804	809	1095	1154	1163	1096	
810	756	821	821	1088	1103	1140	1119	
779	836	788	767	1108	1131	1152	1085	
778	833	792	779	1091	1127	1093	1154	
781	784	828	757	1130	1092	1092	1147	
784	830	815	773	1162	1124	1163	1102	
795	822	793	761	1105	1139	1154	1093	
767	836	811	780	1108	1152	1098	1099	
759	825	788	827	1145	1118	1094	1117	
774	766	775	792	1150	1123	1109	1138	
835	775	790	836	1099	1136	1092	1116	
809	789	788	835	1098	1136	1156	1144	
777	835	832	759	1140	1155	1086	1098	
815	797	831	781	1158	1127	1124	1102	
807	775	757	835	1108	1123	1119	1120	
774	798	826	801	1155	1102	1157	1159	
822	798	777	791	1127	1157	1098	1163	
769	835	764	834	1094	1153	1103	1099	
785	795	819	830	1098	1146	1142	1153	
760	806	816	813	1146	1134	1133	1099	
793	799	791	811	1130	1119	1096	1140	
787	765	822	801	1159	1093	1162	1085	
786	834	767	774	1155	1092	1134	1085	
788	828	756	804	1089	1092	1151	1087	
788	803	793	791	1085	1152	1161	1106	
798	795	821	761	1120	1159	1142	1105	
825	781	774	817	1095	1134	1123	1161	
836	756	834	834	1102	1158	1118	1109	
798	757	829	810	1155	1163	1155	1084	
787	768	835	783	1103	1128	1133	1103	
779	790	774	761	1099	1146	1085	1117	
836	831	778	762	1128	1142	1155	1107	
832	768	760	757	1127	1162	1140	1127	
806	768	824	785	1101	1089	1087	1162	
806	770	820	789	1149	1139	1093	1150	
823	774	770	822	1100	1103	1151	1160	
785	831	826	830	1148	1146	1126	1085	
775	836	764	778	1109	1092	1110	1084	
800	786	784	835	1155	1096	1139	1084	
771	784	824	821	1095	1106	1121	1149	
833	822	813	762	1109	1102	1137	1151	
793	825	792	828	1114	1119	1157	1124	
795	765	822	810	1122	1086	1126	1099	
830	792	792	766	1148	1113	1123	1091	
796	787	834	788	1145	1138	1145	1124	
782	767	796	819	1092	1135	1109	1140	
781	760	804	808	1120	1103	1157	1092	
792	809	773	834	1108	1114	1107	1162	
811	819	818	775	1123	1133	1142	1098	
786	814	763	832	1085	1138	1128	1151	
789	778	812	791	1133	1123	1151	1153	
833	773	760	790	1118	1114	1088	1152	
820	817	791	759	1134	1101	1088	1116	
800	762	829	763	1098	1157	1113	1129	
810	815	782	788	1100	1088	1154	1150	
774	786	836	822	1102	1092	1112	1156	
774	831	835	804	1135	1122	1112	1155	
808	772	763	821	1097	1112	1092	1153	
809	810	783	760	1092	1133	1153	1141	
759	831	831	811	1143	1121	1161	1148	
787	772	763	823	1125	1092	1088	1125	
793	807	761	763	1153	1133	1148	1091	
775	767	816	832	1163	1103	1090	1108	
814	760	806	834	1122	1093	1089	1157	
790	821	826	759	1086	1096	1085	1150	
819	786	775	771	1124	1121	1154	1086	
760	799	793	835	1141	1138	1084	1097	
806	815	783	818	1150	1135	1133	1141	
756	777	824	829	1099	1097	1154	1115	
771	802	803	815	1114	1124	1144	1085	
819	819	806	761	1123	1131	1148	1096	
835	775	768	833	1131	1112	1111	1142	
818	834	783	787	1153	1149	1095	1133	
771	827	767	835	1142	1123	1101	1115	
834	786	766	820	1092	1085	1144	1130	
822	788	815	764	1086	1116	1130	1155	
776	823	832	785	1103	1147	1104	1135	
760	828	826	792	1130	1111	1140	1114	
799	802	763	817	1105	1115	1115	1157	
821	821	775	810	1149	1125	1097	1093	
795	811	787	757	1102	1111	1097	1148	
766	791	757	756	1117	1152	1102	1157	
786	769	818	761	1135	1108	1147	1104	
821	768	795	816	1161	1125	1140	1137	
796	819	766	784	1159	1098	1087	1086	
806	776	767	836	1117	1146	1113	1130	
832	784	757	771	1136	1121	1101	1145	
764	825	826	762	1140	1128	1110	1138	
778	808	827	776	1098	1149	1103	1155	
784	834	762	823	1110	1137	1134	1087	
797	792	768	785	1116	1136	1135	1133	
784	821	762	802	1144	1091	1127	1125	
781	814	783	796	1101	1154	1119	1155	
811	821	795	835	1138	1120	1128	1114	
826	760	785	759	1115	1124	1089	1143	
779	823	812	772	1093	1100	1110	1137	
813	797	820	765	1106	1163	1154	1103	
796	825	786	836	1119	1151	1118	1154	
830	775	816	828	1096	1108	1152	1094	
774	835	819	812	1152	1154	1092	1151	
823	772	768	822	1149	1093	1162	1089	
794	766	795	770	1103	1132	1151	1131	
777	835	780	768	1150	1150	1094	1091	
809	761	800	827	1115	1144	1085	1105	
801	759	791	824	1138	1113	1126	1104	
772	802	791	834	1091	1105	1122	1131	
782	759	835	781	1128	1148	1161	1092	
778	830	822	782	1088	1147	1132	1084	
763	832	782	807	1101	1127	1128	1093	
813	836	770	770	1091	1152	1151	1087	
795	756	811	815	1127	1157	1126	1139	
793	759	827	769	1132	1163	1143	1130	
773	833	779	763	1110	1097	1161	1159	
820	810	783	787	1160	1124	1152	1121	
763	772	772	826	1146	1134	1086	1093	
812	761	759	824	1093	1118	1117	1093	
769	827	772	836	1124	1158	1086	1148	
797	779	774	805	1093	1159	1156	1130	
813	836	796	817	1119	1086	1097	1097	
763	818	818	765	1102	1114	1092	1152	
803	787	789	826	1102	1117	1141	1133	
781	800	818	787	1119	1084	1096	1157	
794	809	836	764	1103	1086	1156	1153	
756	824	796	796	1118	1126	1153	1094	
800	765	799	821	1114	1100	1159	1156	
787	820	787	760	1119	1100	1134	1153	
770	792	811	780	1095	1143	1092	1161	
778	801	823	757	1161	1103	1104	1129	
788	809	762	819	1093	1103	1101	1153	
768	758	824	788	1118	1094	1132	1162	
772	805	800	772	1136	1095	1126	1084	
833	823	815	756	1110	1131	1148	1103	
832	773	825	805	1101	1093	1105	1133	
772	830	827	778	1162	1158	1105	1091	
810	759	822	817	1091	1086	1139	1102	
788	785	821	762	1085	1137	1123	1152	
810	821	796	784	1110	1151	1138	1127	
763	811	815	829	1105	1087	1127	1163	
804	803	763	792	1125	1086	1086	1141	
783	829	802	762	1137	1102	1163	1090	
820	792	756	798	1154	1088	1137	1140	
795	798	767	791	1144	1133	1089	1086	
817	760	788	756	1102	1141	1162	1093	
808	823	809	791	1125	1153	1118	1094	
796	766	758	772	1087	1088	1150	1095	
816	775	793	825	1122	1129	1134	1109	
772	781	824	775	1134	1158	1098	1123	
815	819	805	768	1156	1105	1152	1096	
804	806	833	780	1148	1118	1156	1096	
815	824	764	776	1145	1094	1087	1136	
825	810	813	760	1140	1088	1156	1154	
773	769	832	813	1090	1153	1127	1094	
793	795	816	789	1150	1149	1086	1103	
766	778	799	825	1135	1103	1144	1154	
834	801	790	810	1094	1107	1114	1146	
769	777	810	808	1161	1134	1158	1085	
821	766	763	768	1091	1161	1122	1158	
758	818	762	828	1114	1126	1097	1148	
762	807	764	835	1123	1117	1104	1097	
804	800	792	822	1118	1116	1096	1155	
768	826	760	833	1145	1133	1105	1095	
799	758	833	829	1163	1085	1126	1137	
766	808	814	825	1140	1121	1111	1117	
833	826	767	803	1089	1145	1145	1088	
784	762	814	781	1147	1125	1127	1139	
778	806	759	787	1145	1101	1143	1121	
820	812	794	826	1136	1089	1160	1090	
803	823	826	768	1146	1136	1112	1117	
791	818	823	773	1100	1142	1121	1085	
812	826	759	769	1151	1139	1139	1092	
815	817	806	759	1091	1107	1086	1145	
787	820	760	834	1159	1107	1141	1145	
773	822	757	799	1137	1135	1097	1094	
774	792	825	788	1087	1106	1149	1141	
772	834	759	829	1093	1137	1094	1096	
802	790	798	803	1114	1162	1132	1096	
825	825	819	764	1124	1157	1089	1130	
770	826	810	809	1136	1111	1134	1147	
821	800	758	767	1085	1109	1091	1162	
812	808	835	836	1139	1138	1114	1109	
785	773	774	812	1100	1092	1152	1094	
775	790	782	789	1158	1102	1101	1124	
826	786	835	774	1115	1158	1137	1085	
802	768	822	816	1159	1115	1101	1085	
764	779	833	769	1141	1089	1132	1104	
776	821	831	783	1158	1104	1128	1116	
762	800	818	815	1088	1158	1131	1124	
813	791	767	820	1088	1106	1098	1156	
772	799	817	788	1100	1163	1102	1108	
766	811	780	831	1109	1145	1109	1125	
813	790	773	756	1087	1153	1145	1112	
792	805	802	768	1150	1117	1159	1105	
799	759	803	829	1108	1161	1113	1131	
756	771	811	836	1126	1130	1125	1115	
771	815	787	763	1100	1131	1146	1152	
798	764	827	774	1090	1111	1131	1150	
795	763	782	811	1159	1106	1139	1159	
791	835	817	756	1114	1150	1092	1115	
810	818	760	816	1143	1153	1133	1131	
772	810	807	758	1124	1101	1092	1142	
808	778	790	825	1114	1136	1095	1091	
822	765	801	785	1150	1160	1100	1092	
800	807	797	758	1163	1131	1087	1140	
772	769	783	833	1115	1128	1151	1095	
800	777	778	799	1084	1086	1134	1142	
786	772	773	796	1158	1161	1129	1121	
828	801	826	769	1097	1159	1112	1160	
792	761	809	783	1099	1116	1141	1152	
767	821	801	835	1124	1155	1145	1124	
779	796	818	797	1094	1135	1142	1089	
763	791	834	795	1148	1114	1123	1091	
813	834	789	823	1109	1158	1128	1085	
818	756	835	760	1109	1121	1162	1157	
761	819	819	793	1142	1087	1108	1151	
756	828	796	774	1138	1089	1145	1092	
799	779	832	784	1102	1159	1161	1093	
826	773	759	760	1111	1163	1100	1136	
781	763	805	833	1137	1112	1106	1107	
762	786	827	765	1158	1149	1085	1106	
796	770	760	826	1138	1112	1125	1086	
782	822	826	762	1160	1086	1163	1135	
812	773	779	796	1087	1157	1142	1086	
818	830	805	775	1123	1150	1145	1098	
797	814	787	777	1117	1160	1144	1090	
813	761	819	814	1112	1136	1156	1102	
792	758	824	819	1120	1132	1089	1157	
792	763	816	770	1153	1101	1086	1115	
835	800	811	786	1154	1099	1094	1102	
786	811	764	823	1113	1152	1148	1097	
774	804	822	771	1161	1102	1087	1143	
824	770	793	764	1152	1095	1102	1119	
809	833	785	764	1150	1105	1107	1154	
828	806	833	799	1136	1122	1143	1153	
783	762	774	814	1089	1146	1101	1106	
791	787	814	805	1108	1096	1133	1137	
825	776	835	811	1093	1114	1095	1153	
788	798	768	762	1143	1115	1148	1112	
821	776	814	759	1105	1134	1103	1159	
759	835	781	768	1086	1161	1145	1125	
786	772	765	803	1138	1150	1163	1163	
788	778	832	796	1092	1100	1141	1118	
816	773	827	762	1127	1137	1116	1089	
801	769	831	765	1087	1120	1145	1113	
800	786	789	824	1100	1116	1146	1138	
791	822	782	823	1144	1163	1122	1085	
779	823	758	813	1141	1094	1140	1144	
801	785	807	778	1101	1131	1141	1162	
775	775	831	830	1086	1114	1137	1139	
774	810	810	808	1145	1156	1163	1084	
779	757	819	817	1118	1137	1153	1097	
782	829	788	813	1149	1149	1139	1096	
814	833	765	760	1156	1122	1094	1112	
813	783	826	774	1097	1144	1092	1143	
786	809	787	760	1125	1111	1153	1093	
772	758	758	809	1112	1114	1154	1094	
836	771	822	831	1103	1110	1112	1143	
758	766	799	817	1114	1127	1139	1085	
772	820	829	829	1091	1133	1087	1110	
807	784	758	835	1109	1097	1161	1150	
764	781	810	818	1128	1148	1118	1091	
805	768	798	834	1107	1114	1137	1085	
766	775	804	772	1128	1095	1150	1129	
768	832	786	775	1113	1149	1148	1088	
806	812	758	803	1114	1119	1151	1127	
793	776	813	819	1148	1130	1087	1085	
791	771	805	828	1144	1101	1136	1094	
759	777	806	778	1085	1115	1131	1090	
805	836	775	817	1142	1148	1159	1086	
800	809	764	806	1154	1152	1106	1135	
835	824	758	778	1099	1147	1099	1163	
835	826	785	763	1092	1133	1120	1142	
803	790	760	819	1086	1153	1111	1147	
821	768	793	835	1118	1103	1095	1139	
831	803	792	834	1155	1085	1147	1102	
806	784	785	784	1135	1122	1144	1158	
780	810	828	797	1156	1101	1094	1121	
819	835	771	827	1127	1091	1136	1157	
826	827	757	830	1123	1089	1131	1089	
811	833	763	833	1139	1111	1143	1089	
819	762	813	834	1096	1112	1141	1116	
824	817	785	820	1158	1163	1099	1145	
812	804	794	758	1097	1154	1088	1117	
818	760	765	811	1128	1138	1132	1152	
756	768	789	835	1148	1109	1098	1097	
773	807	787	760	1133	1087	1140	1156	
820	776	761	834	1163	1121	1127	1105	
787	803	836	825	1136	1134	1094	1157	
773	789	818	826	1140	1133	1087	1161	
801	794	800	775	1119	1118	1087	1158	
794	810	821	835	1090	1128	1138	1149	
803	790	801	821	1163	1121	1113	1099	
823	764	792	781	1092	1140	1116	1140	
835	828	756	831	1102	1160	1119	1143	
781	832	831	773	1106	1086	1138	1131	
814	756	756	834	1099	1145	1111	1095	
803	771	780	828	1121	1150	1131	1144	
812	804	763	830	1102	1130	1153	1094	
760	834	760	815	1088	1130	1158	1160	
788	823	788	763	1115	1151	1144	1096	
762	811	803	776	1116	1096	1154	1152	
756	817	791	776	1161	1138	1161	1122	
782	800	806	774	1088	1112	1143	1109	
791	816	793	768	1086	1113	1155	1112	
776	793	822	774	1130	1085	1139	1087	
776	822	831	786	1093	1136	1162	1125	
807	830	783	814	1106	1094	1156	1138	
782	804	808	815	1110	1125	1086	1142	
792	790	760	808	1097	1151	1137	1161	
828	786	836	777	1090	1116	1087	1123	
800	785	769	830	1128	1107	1126	1158	
779	834	765	802	1100	1110	1092	1157	
762	756	818	802	1125	1155	1162	1117	
759	800	801	817	1155	1112	1155	1093	
756	775	832	759	1145	1105	1086	1084	
831	819	757	775	1091	1146	1123	1096	
792	763	836	766	1141	1145	1144	1085	
831	777	807	791	1090	1135	1090	1129	
779	819	824	815	1136	1110	1088	1095	
817	769	757	765	1155	1116	1122	1145	
783	774	835	828	1132	1138	1137	1098	
821	772	777	829	1093	1097	1143	1084	
816	835	759	828	1139	1089	1151	1093	
806	809	778	803	1158	1146	1120	1107	
831	803	769	778	1116	1157	1135	1113	
788	759	826	799	1105	1123	1090	1126	
792	758	764	792	1159	1119	1127	1138	
783	807	762	831	1157	1098	1129	1101	
793	780	794	835	1158	1136	1117	1099	
821	797	836	834	1140	1120	1084	1088	
759	794	775	828	1160	1113	1149	1106	
782	814	826	829	1128	1102	1148	1150	
816	815	757	818	1150	1158	1110	1125	
808	821	816	762	1084	1163	1134	1144	
786	763	835	818	1114	1114	1142	1124	
771	799	761	767	1120	1139	1105	1157	
802	807	827	788	1162	1134	1105	1117	
768	826	807	759	1145	1113	1103	1113	
768	834	804	799	1106	1161	1159	1120	
818	834	809	782	1133	1092	1154	1086	
824	787	757	806	1105	1100	1101	1128	
803	830	791	796	1149	1144	1097	1147	
762	763	807	775	1109	1101	1096	1151	
803	799	782	834	1125	1124	1153	1138	
768	827	825	763	1113	1126	1137	1087	
771	831	783	820	1136	1163	1151	1090	
836	829	766	773	1095	1110	1150	1101	
812	778	788	795	1153	1094	1099	1140	
816	765	796	823	1096	1104	1109	1143	
825	805	815	760	1112	1101	1093	1156	
790	829	776	778	1136	1094	1158	1163	
785	836	779	770	1092	1138	1084	1095	
826	798	770	797	1118	1143	1100	1089	
792	827	763	763	1103	1124	1155	1094	
806	797	758	818	1113	1139	1103	1086	
756	803	788	829	1141	1158	1152	1115	
756	796	836	778	1107	1160	1108	1091	
765	826	810	808	1160	1092	1113	1146	
761	794	828	816	1136	1096	1144	1142	
764	778	828	788	1102	1155	1102	1085	
790	791	817	786	1100	1128	1137	1091	
816	822	756	811	1096	1134	1160	1151	
807	801	791	756	1155	1102	1104	1153	
830	774	783	776	1132	1150	1144	1116	
767	812	830	769	1112	1148	1087	1126	
824	826	812	761	1114	1162	1154	1118	
764	799	829	765	1155	1143	1103	1096	
800	815	775	758	1115	1110	1145	1096	
799	824	779	836	1098	1100	1137	1145	
756	789	813	832	1122	1141	1133	1089	
798	829	781	771	1157	1155	1106	1093	
794	808	777	833	1122	1149	1087	1159	
824	773	785	807	1141	1144	1122	1109	
816	792	773	804	1148	1093	1159	1094	
767	818	834	760	1143	1105	1102	1146	
775	790	818	819	1125	1096	1140	1159	
804	830	812	830	1114	1110	1088	1085	
812	817	758	780	1084	1093	1158	1159	
808	831	769	781	1141	1163	1096	1112	
808	802	832	781	1112	1098	1100	1156	
833	823	766	820	1106	1143	1124	1140	
824	819	823	774	1131	1089	1155	1094	
832	813	805	756	1155	1089	1153	1131	
832	811	778	776	1136	1104	1157	1095	
776	835	765	833	1110	1147	1139	1163	
819	829	765	777	1096	1112	1124	1160	
783	787	792	832	1091	1121	1117	1141	
793	782	827	756	1134	1163	1124	1097	
788	821	801	800	1156	1095	1127	1118	
831	799	764	784	1115	1139	1097	1091	
763	775	763	833	1148	1160	1108	1120	
787	816	828	765	1112	1162	1120	1163	
830	776	826	835	1106	1116	1148	1115	
812	815	785	775	1137	1132	1084	1161	
808	778	809	785	1123	1123	1131	1098	
799	811	828	829	1091	1155	1121	1094	
790	764	836	820	1090	1120	1135	1143	
785	793	775	768	1098	1113	1111	1162	
778	830	765	781	1085	1113	1157	1154	
830	796	756	800	1108	1144	1130	1103	
759	806	762	815	1100	1121	1103	1151	
835	825	763	795	1108	1095	1107	1115	
828	758	792	772	1116	1116	1153	1157	
776	756	792	831	1128	1091	1090	1153	
833	769	824	792	1107	1141	1103	1156	
796	814	778	763	1161	1152	1139	1118	
757	792	793	816	1130	1124	1105	1142	
831	804	762	796	1113	1125	1162	1161	
820	799	776	774	1153	1094	1086	1107	
802	769	798	834	1115	1148	1131	1097	
795	817	835	803	1096	1127	1157	1154	
814	823	820	791	1104	1134	1111	1127	
791	809	780	823	1162	1105	1084	1150	
785	775	786	818	1113	1116	1089	1163	
791	768	782	785	1102	1163	1158	1088	
757	792	827	775	1086	1143	1161	1101	
760	804	813	794	1099	1155	1117	1148	
789	836	791	788	1131	1125	1123	1109	
799	820	824	804	1159	1123	1132	1146	
790	767	780	833	1110	1111	1162	1162	
791	766	779	830	1163	1087	1151	1087	
824	793	816	773	1090	1120	1109	1123	
768	824	821	756	1091	1093	1096	1108	
820	788	817	787	1156	1160	1117	1099	
829	759	756	804	1139	1121	1152	1095	
758	777	835	836	1161	1121	1102	1087	
823	762	759	830	1142	1119	1086	1100	
821	781	761	826	1088	1136	1092	1161	
797	820	788	760	1137	1154	1145	1101	
764	820	798	800	1143	1089	1102	1137	
803	761	764	836	1098	1127	1120	1085	
815	790	764	809	1108	1088	1142	1143	
820	768	796	778	1126	1111	1101	1097	
783	776	826	835	1161	1089	1126	1145	
804	827	821	823	1133	1097	1123	1126	
817	819	810	760	1159	1130	1149	1096	
799	824	797	825	1141	1132	1111	1136	
832	763	811	831	1130	1162	1111	1090	
780	827	774	786	1152	1129	1121	1134	
781	770	812	834	1129	1159	1099	1156	
813	784	812	761	1092	1154	1096	1114	
777	816	778	759	1137	1156	1153	1104	
761	787	825	761	1142	1162	1135	1091	
766	769	835	831	1098	1086	1145	1158	
836	787	776	826	1102	1089	1158	1096	
827	787	772	831	1138	1145	1092	1090	
798	781	758	811	1113	1119	1134	1093	
818	787	803	803	1133	1149	1096	1154	
810	771	763	781	1090	1108	1107	1137	
834	767	805	830	1141	1113	1151	1093	
831	796	796	767	1085	1155	1152	1089	
757	834	807	794	1135	1129	1122	1156	
819	786	764	766	1099	1110	1151	1090	
776	805	782	809	1142	1146	1090	1143	
824	778	792	776	1123	1132	1159	1088	
826	780	780	835	1123	1137	1146	1087	
804	813	833	779	1126	1111	1116	1107	
788	798	769	763	1092	1158	1120	1117	
808	780	827	758	1087	1137	1162	1090	
815	779	834	787	1087	1119	1145	1145	
777	816	762	833	1089	1142	1125	1097	
824	782	775	822	1163	1122	1116	1158	
832	803	824	781	1103	1149	1124	1131	
773	816	776	810	1148	1087	1149	1116	
797	784	805	832	1148	1163	1085	1091	
824	758	811	778	1160	1106	1088	1088	
801	827	824	821	1127	1097	1154	1086	
803	806	817	802	1091	1117	1153	1140	
793	792	757	821	1137	1084	1138	1131	
799	794	835	776	1084	1153	1154	1084	
798	766	830	771	1090	1163	1139	1103	
825	793	836	808	1099	1153	1123	1123	
777	829	810	770	1161	1128	1108	1084	
809	765	768	764	1124	1145	1091	1141	
821	771	778	782	1113	1103	1140	1084	
788	823	772	789	1122	1129	1149	1095	
815	822	758	758	1132	1091	1138	1098	
818	761	768	822	1126	1140	1127	1113	
804	807	756	796	1105	1087	1085	1147	
829	793	794	757	1132	1095	1162	1135	
770	767	791	815	1155	1132	1093	1109	
774	804	792	810	1086	1128	1160	1141	
775	761	812	813	1105	1084	1103	1122	
794	760	821	827	1091	1102	1123	1086	
769	791	807	824	1156	1115	1115	1103	
768	810	764	820	1121	1084	1136	1125	
781	825	764	829	1113	1131	1094	1146	
769	809	762	835	1117	1129	1156	1155	
808	825	774	761	1158	1143	1127	1099	
776	827	833	826	1094	1117	1125	1149	
799	775	772	767	1098	1158	1154	1104	
830	836	834	806	1146	1095	1148	1085	
823	796	795	774	1155	1133	1123	1142	
779	812	756	772	1094	1115	1142	1103	
791	763	778	795	1106	1095	1101	1156	
756	787	811	789	1107	1142	1095	1090	
808	816	804	771	1160	1158	1125	1088	
808	814	821	820	1105	1160	1138	1088	
835	791	759	770	1114	1094	1093	1085	
804	808	759	781	1097	1152	1123	1099	
810	828	768	810	1085	1110	1146	1122	
811	808	774	771	1154	1162	1084	1097	
781	815	758	773	1149	1084	1133	1088	
759	806	832	829	1128	1088	1138	1131	
805	797	772	783	1113	1154	1111	1120	
774	817	828	826	1117	1089	1084	1159	
791	756	824	771	1158	1149	1098	1087	
776	817	778	772	1104	1122	1129	1112	
763	803	812	804	1141	1118	1106	1130	
798	820	777	825	1139	1163	1086	1141	
793	793	786	816	1092	1117	1111	1105	
774	776	827	790	1087	1137	1125	1143	
824	815	766	794	1142	1096	1148	1120	
807	796	792	812	1140	1159	1107	1104	
771	785	834	757	1151	1126	1104	1146	
767	756	818	813	1105	1117	1112	1156	
790	814	827	775	1131	1117	1099	1089	
766	808	785	762	1127	1121	1114	1132	
773	777	759	820	1130	1094	1161	1109	
815	759	821	807	1094	1096	1129	1159	
826	784	778	822	1096	1137	1146	1161	
800	795	778	768	1102	1152	1150	1089	
769	772	833	801	1136	1146	1084	1097	
831	820	770	798	1133	1145	1118	1091	
772	819	801	773	1109	1137	1150	1162	
787	828	833	770	1138	1138	1152	1114	
