L1	L2	L3	L4	R1	R2	R3	R4	
786	779	807	812	1151	1085	1097	1134	
826	795	771	786	1151	1114	1117	1115	
824	770	836	792	1141	1135	1096	1090	
783	782	773	831	1143	1089	1144	1161	
763	801	836	756	1093	1086	1162	1091	
805	822	809	761	1154	1102	1138	1096	
832	835	763	774	1131	1147	1137	1109	
834	827	758	766	1143	1103	1120	1144	
820	775	807	772	1087	1111	1145	1144	
768	799	806	758	1096	1153	1095	1084	
821	803	770	762	1129	1160	1094	1109	
762	768	798	832	1137	1090	1162	1110	
778	792	756	829	1121	1089	1111	1157	
762	826	759	811	1128	1155	1107	1120	
775	820	785	824	1154	1159	1093	1124	
827	798	797	767	1123	1149	1159	1103	
770	773	832	761	1089	1159	1090	1091	
814	777	803	815	1088	1115	1121	1145	
810	762	832	761	1146	1107	1108	1135	
785	796	833	791	1143	1110	1159	1149	
769	821	768	782	1134	1096	1154	1092	
836	826	771	824	1117	1085	1132	1162	
796	776	788	835	1107	1145	1117	1127	
807	777	832	777	1133	1098	1152	1117	
812	826	791	795	1151	1120	1108	1161	
807	802	812	760	1097	1153	1102	1138	
810	770	782	768	1095	1124	1149	1109	
827	761	777	800	1163	1098	1105	1116	
795	807	822	774	1158	1110	1152	1152	
813	760	781	807	1135	1140	1091	1141	
829	762	792	780	1095	1143	1100	1117	
781	771	781	816	1148	1130	1153	1135	
814	834	774	814	1097	1086	1129	1111	
808	795	817	789	1097	1155	1090	1140	
782	805	763	816	1115	1099	1163	1092	
795	780	804	761	1097	1135	1161	1097	
828	774	822	804	1128	1127	1088	1163	
777	777	831	783	1141	1119	1100	1162	
813	763	779	781	1160	1090	1104	1145	
809	808	801	822	1102	1112	1158	1150	
825	831	792	756	1108	1162	1162	1105	
835	809	784	767	1154	1109	1135	1101	
817	792	777	764	1116	1146	1099	1117	
786	820	830	761	1149	1124	1106	1091	
815	816	804	764	1117	1130	1100	1154	
759	802	813	782	1089	1158	1108	1111	
800	781	782	830	1103	1159	1158	1123	
759	804	830	773	1132	1106	1118	1155	
832	831	786	765	1161	1100	1114	1163	
808	761	767	788	1160	1110	1128	1085	
760	796	813	803	1095	1085	1116	1145	
800	811	800	792	1093	1145	1145	1140	
830	758	835	758	1120	1132	1133	1104	
825	762	765	828	1086	1121	1122	1151	
826	807	795	793	1134	1136	1099	1148	
809	767	821	786	1145	1131	1094	1138	
771	766	816	816	1106	1122	1140	1158	
801	776	812	797	1098	1118	1156	1101	
792	784	813	775	1129	1156	1098	1142	
759	812	811	760	1143	1113	1086	1147	
799	801	765	821	1094	1162	1158	1086	
769	787	780	817	1137	1119	1108	1112	
824	764	826	780	1142	1113	1140	1112	
806	769	809	763	1123	1104	1102	1099	
773	808	789	805	1127	1147	1114	1135	
800	786	801	758	1140	1098	1150	1139	
793	801	785	769	1087	1124	1151	1116	
795	798	776	809	1142	1105	1087	1157	
797	826	772	819	1127	1107	1105	1157	
757	833	770	821	1099	1151	1090	1093	
819	804	771	814	1108	1096	1109	1147	
798	806	791	785	1120	1088	1144	1089	
769	780	818	834	1110	1104	1116	1163	
818	781	822	783	1138	1101	1090	1141	
776	806	824	827	1124	1163	1089	1095	
797	760	832	773	1137	1141	1101	1140	
756	826	779	763	1147	1128	1148	1106	
821	812	770	788	1139	1158	1093	1141	
768	779	778	798	1161	1085	1119	1101	
776	811	767	756	1123	1162	1144	1125	
777	764	784	835	1157	1096	1085	1130	
782	761	831	823	1140	1109	1086	1161	
788	758	820	827	1118	1091	1152	1158	
785	822	794	775	1151	1119	1128	1156	
822	763	818	772	1105	1124	1092	1148	
796	786	786	779	1150	1089	1154	1151	
799	782	822	772	1121	1162	1136	1114	
832	802	765	792	1110	1116	1105	1115	
770	780	786	816	1120	1147	1106	1114	
792	770	831	758	1106	1107	1119	1160	
791	772	810	827	1138	1101	1084	1147	
792	833	769	777	1153	1106	1092	1159	
765	829	763	822	1116	1158	1111	1107	
806	798	762	777	1143	1125	1093	1139	
789	787	835	828	1152	1153	1086	1110	
758	796	836	777	1128	1161	1160	1156	
793	814	788	760	1124	1139	1101	1136	
793	815	792	768	1115	1111	1142	1163	
797	810	787	810	1112	1110	1161	1159	
787	773	760	788	1151	1103	1087	1138	
824	827	785	832	1158	1111	1132	1091	
774	780	795	830	1149	1092	1102	1086	
813	775	756	803	1130	1138	1091	1100	
805	820	820	773	1120	1139	1148	1107	
772	757	821	785	1162	1121	1095	1092	
832	785	772	808	1131	1084	1144	1148	
810	822	822	774	1137	1093	1086	1123	
803	785	800	782	1147	1148	1084	1134	
777	807	775	759	1114	1110	1144	1144	
815	767	831	835	1115	1090	1160	1152	
794	798	812	823	1105	1101	1159	1161	
832	784	814	761	1099	1111	1133	1123	
765	819	823	809	1126	1115	1099	1090	
787	814	821	772	1147	1114	1132	1154	
802	791	804	790	1086	1142	1152	1138	
831	783	803	799	1162	1084	1097	1154	
795	798	765	813	1138	1094	1126	1106	
808	790	758	758	1092	1140	1097	1101	
820	786	800	833	1154	1131	1107	1100	
832	765	804	760	1154	1136	1113	1088	
803	825	774	832	1084	1104	1086	1142	
759	830	797	814	1123	1110	1102	1161	
827	756	832	813	1099	1095	1125	1114	
817	766	836	757	1098	1113	1153	1163	
771	774	823	828	1109	1100	1149	1125	
805	761	766	821	1090	1117	1111	1110	
830	778	808	757	1098	1161	1160	1091	
820	764	819	761	1148	1084	1087	1132	
825	788	795	781	1125	1152	1103	1111	
813	765	782	829	1105	1087	1127	1137	
761	827	784	823	1126	1086	1151	1147	
763	802	821	802	1134	1085	1147	1090	
808	771	758	818	1109	1146	1099	1097	
835	783	807	813	1161	1151	1097	1109	
760	758	821	829	1131	1134	1100	1086	
814	770	786	766	1099	1112	1163	1160	
788	757	803	793	1104	1150	1163	1090	
815	816	779	775	1152	1093	1155	1141	
795	772	770	811	1147	1113	1157	1128	
802	822	790	771	1090	1092	1145	1131	
799	790	831	780	1106	1096	1100	1133	
783	816	763	767	1150	1088	1146	1160	
813	810	827	765	1113	1084	1131	1154	
800	806	788	760	1134	1135	1093	1107	
827	767	775	771	1132	1097	1092	1120	
827	766	760	774	1151	1105	1106	1109	
825	808	777	802	1156	1117	1089	1155	
796	773	821	820	1106	1159	1087	1094	
793	758	803	803	1102	1155	1115	1138	
763	814	818	758	1117	1113	1152	1135	
807	764	760	835	1124	1089	1143	1163	
807	823	765	824	1143	1100	1145	1159	
769	827	800	762	1133	1146	1114	1150	
770	772	832	813	1095	1162	1125	1126	
826	789	769	776	1154	1091	1146	1096	
823	801	783	756	1106	1151	1161	1140	
803	768	788	822	1123	1105	1090	1108	
822	823	830	764	1097	1136	1131	1088	
805	765	816	759	1123	1130	1096	1125	
770	801	770	822	1100	1163	1140	1137	
801	773	796	773	1107	1094	1152	1110	
757	808	771	821	1156	1137	1086	1085	
783	819	814	767	1108	1130	1151	1108	
819	790	822	786	1140	1117	1104	1107	
815	834	770	759	1097	1149	1148	1116	
770	823	822	783	1104	1131	1102	1155	
799	813	804	756	1119	1155	1089	1098	
763	798	827	822	1114	1137	1157	1086	
836	785	798	794	1123	1105	1133	1086	
771	759	772	821	1150	1117	1117	1099	
758	825	760	759	1092	1149	1089	1099	
815	763	762	801	1131	1095	1158	1098	
822	829	777	766	1144	1090	1085	1140	
827	812	764	791	1114	1117	1115	1160	
833	778	825	783	1159	1106	1123	1133	
792	765	790	826	1161	1098	1142	1148	
834	767	832	763	1101	1091	1143	1135	
783	822	820	765	1160	1104	1086	1116	
759	818	768	788	1085	1107	1142	1151	
825	793	836	773	1096	1100	1152	1125	
802	758	781	831	1155	1110	1089	1090	
824	794	821	784	1148	1138	1089	1095	
809	791	808	834	1122	1144	1095	1152	
805	758	814	824	1147	1084	1116	1115	
796	831	836	796	1139	1107	1117	1152	
833	787	757	807	1128	1120	1158	1095	
779	804	812	776	1113	1114	1154	1141	
802	824	781	773	1109	1087	1104	1160	
772	803	779	833	1129	1118	1107	1103	
813	830	784	828	1112	1105	1117	1146	
818	784	834	788	1144	1119	1126	1105	
813	808	796	819	1095	1127	1123	1130	
788	796	833	798	1153	1142	1084	1134	
819	831	787	760	1111	1148	1085	1160	
768	832	809	831	1115	1102	1089	1104	
785	801	833	835	1111	1105	1116	1159	
773	767	835	811	1163	1148	1089	1097	
827	829	761	781	1091	1154	1094	1120	
836	774	825	830	1100	1115	1159	1128	
802	805	772	768	1144	1159	1162	1133	
786	836	832	782	1157	1119	1110	1097	
822	807	766	762	1101	1150	1151	1108	
764	795	790	813	1086	1122	1155	1142	
803	788	830	832	1124	1110	1128	1150	
780	824	806	775	1139	1124	1156	1091	
796	814	804	834	1157	1160	1092	1130	
786	803	775	786	1135	1161	1092	1100	
807	757	770	765	1145	1108	1129	1135	
769	815	769	764	1109	1103	1107	1158	
801	759	794	783	1137	1140	1099	1162	
784	799	790	766	1096	1152	1094	1103	
761	792	829	802	1092	1113	1099	1090	
822	835	806	774	1108	1157	1093	1098	
780	787	768	826	1158	1138	1103	1133	
821	829	772	806	1148	1140	1108	1129	
760	834	775	807	1138	1124	1102	1160	
811	819	793	795	1124	1157	1156	1119	
809	812	795	784	1087	1141	1129	1155	
836	774	814	756	1143	1136	1161	1102	
820	781	793	762	1138	1092	1108	1160	
816	763	763	792	1092	1163	1136	1095	
795	789	810	822	1144	1161	1115	1095	
770	798	800	804	1086	1124	1117	1087	
770	758	828	832	1125	1100	1138	1158	
782	825	827	771	1092	1156	1161	1088	
802	774	821	762	1097	1158	1141	1086	
778	761	834	832	1129	1122	1106	1094	
825	783	772	757	1098	1091	1122	1150	
810	792	793	808	1151	1139	1108	1085	
771	830	793	802	1119	1117	1159	1123	
825	835	804	767	1125	1125	1094	1147	
806	815	771	834	1107	1156	1145	1141	
788	829	757	809	1133	1098	1160	1095	
817	767	795	811	1120	1159	1106	1150	
828	832	764	803	1163	1105	1131	1135	
765	786	819	769	1162	1094	1099	1146	
760	790	828	775	1114	1141	1111	1086	
772	772	772	833	1125	1100	1100	1142	
830	825	764	778	1093	1162	1092	1100	
822	776	758	802	1141	1145	1160	1094	
829	780	762	806	1100	1115	1152	1148	
810	784	829	764	1096	1138	1147	1158	
766	795	793	791	1085	1092	1112	1155	
823	770	806	759	1121	1112	1156	1093	
826	763	791	829	1097	1110	1143	1096	
787	829	811	823	1150	1155	1108	1096	
823	815	818	771	1162	1100	1107	1144	
808	811	779	825	1135	1121	1091	1160	
817	772	775	833	1085	1140	1109	1110	
833	824	780	757	1151	1125	1086	1103	
810	760	821	784	1119	1142	1148	1098	
836	808	761	768	1104	1094	1142	1152	
822	761	815	764	1142	1113	1086	1142	
811	812	768	790	1156	1146	1148	1086	
818	810	822	759	1161	1149	1107	1092	
773	825	761	800	1121	1121	1139	1088	
832	820	801	756	1152	1099	1104	1110	
760	781	791	834	1121	1138	1157	1087	
823	828	758	805	1153	1161	1100	1112	
818	798	757	800	1146	1094	1118	1120	
836	819	759	773	1112	1085	1145	1144	
772	823	772	804	1088	1096	1126	1158	
785	829	815	767	1113	1107	1129	1160	
788	805	771	811	1089	1104	1120	1146	
775	785	836	773	1158	1107	1089	1116	
818	815	759	831	1140	1111	1098	1144	
797	774	832	758	1142	1150	1148	1100	
759	818	766	777	1155	1087	1087	1120	
833	794	816	820	1098	1162	1138	1105	
827	761	831	762	1159	1150	1120	1157	
807	832	831	765	1093	1138	1096	1095	
824	831	817	759	1089	1133	1146	1158	
806	777	756	757	1160	1108	1108	1128	
798	811	797	757	1157	1126	1161	1101	
776	835	818	827	1157	1091	1136	1105	
822	814	770	762	1163	1107	1111	1100	
816	798	794	761	1107	1100	1141	1125	
786	816	756	801	1109	1161	1108	1096	
759	791	790	821	1139	1128	1119	1086	
782	786	818	810	1130	1119	1144	1097	
776	789	782	811	1133	1135	1096	1105	
780	774	759	835	1133	1130	1084	1119	
777	759	756	817	1121	1117	1098	1156	
787	774	777	821	1092	1095	1146	1091	
777	777	826	773	1146	1137	1092	1114	
811	757	826	766	1130	1093	1084	1126	
808	784	780	834	1095	1132	1150	1161	
792	797	756	767	1148	1095	1087	1119	
828	791	830	778	1108	1150	1145	1106	
798	759	813	765	1122	1147	1123	1130	
788	785	835	823	1099	1145	1118	1122	
796	793	765	835	1135	1143	1143	1086	
757	816	783	789	1118	1145	1094	1086	
763	787	794	780	1122	1100	1101	1089	
830	757	812	775	1144	1108	1124	1147	
830	818	763	827	1088	1102	1091	1156	
786	820	830	789	1148	1090	1125	1132	
781	804	784	817	1126	1091	1157	1158	
828	797	787	772	1109	1124	1113	1161	
798	777	772	833	1130	1129	1085	1089	
761	789	772	836	1106	1159	1107	1115	
836	790	762	819	1101	1110	1155	1119	
821	767	791	772	1097	1159	1103	1085	
767	770	833	799	1130	1129	1097	1162	
773	828	777	829	1126	1107	1088	1101	
796	798	799	808	1153	1103	1116	1098	
803	763	831	822	1145	1126	1090	1153	
794	794	760	779	1134	1127	1136	1159	
771	803	823	828	1118	1097	1091	1143	
789	777	827	836	1145	1144	1103	1135	
811	808	807	764	1142	1123	1149	1155	
780	786	825	763	1132	1160	1138	1115	
827	772	789	794	1129	1090	1125	1139	
779	804	826	775	1099	1148	1147	1105	
782	759	777	820	1128	1114	1092	1108	
796	822	784	777	1084	1143	1086	1142	
836	820	822	758	1139	1111	1094	1156	
822	817	802	765	1162	1131	1150	1104	
835	807	772	775	1115	1145	1085	1110	
802	828	796	803	1130	1102	1157	1159	
821	776	757	823	1124	1097	1140	1116	
799	831	760	781	1161	1102	1087	1138	
799	790	827	835	1124	1160	1089	1159	
769	818	799	767	1101	1153	1111	1156	
757	770	836	812	1112	1100	1128	1151	
789	806	819	768	1124	1085	1157	1096	
813	765	826	830	1114	1106	1150	1155	
788	829	835	771	1127	1092	1132	1147	
816	791	810	763	1127	1113	1152	1087	
795	771	835	797	1090	1130	1160	1087	
793	763	829	829	1110	1134	1123	1154	
807	826	798	781	1093	1151	1152	1151	
836	780	825	787	1089	1137	1107	1157	
818	824	758	759	1100	1104	1147	1086	
812	780	791	835	1143	1115	1140	1159	
776	784	825	781	1108	1103	1086	1118	
834	763	812	780	1133	1138	1161	1093	
814	823	787	836	1105	1161	1148	1095	
789	777	764	826	1152	1088	1155	1085	
802	832	821	757	1159	1089	1117	1093	
758	835	796	815	1093	1131	1092	1093	
762	767	790	812	1127	1154	1119	1136	
804	769	763	789	1106	1119	1134	1161	
765	834	794	802	1109	1158	1138	1137	
778	792	819	777	1157	1084	1099	1129	
803	809	764	788	1099	1118	1099	1088	
811	779	792	766	1133	1140	1160	1087	
810	804	761	802	1093	1153	1159	1113	
818	791	821	834	1105	1085	1135	1120	
833	770	768	779	1141	1100	1156	1120	
778	774	816	757	1091	1141	1131	1145	
828	821	821	799	1094	1087	1143	1158	
818	834	767	822	1128	1110	1087	1132	
829	824	783	782	1128	1156	1159	1094	
832	789	771	772	1141	1119	1116	1157	
825	834	809	762	1155	1148	1103	1101	
811	792	796	762	1158	1088	1104	1152	
799	810	819	820	1149	1138	1101	1107	
790	781	813	767	1089	1115	1131	1151	
801	827	794	777	1157	1110	1107	1134	
764	766	830	804	1129	1084	1084	1145	
791	767	799	819	1143	1133	1117	1158	
825	758	835	828	1092	1092	1123	1158	
800	775	763	836	1111	1123	1102	1110	
786	817	827	757	1153	1119	1101	1110	
804	792	825	816	1128	1158	1094	1138	
774	791	794	772	1085	1142	1152	1141	
756	812	830	785	1137	1108	1162	1103	
792	836	809	811	1099	1112	1099	1140	
795	772	819	824	1109	1158	1115	1112	
811	760	787	780	1100	1160	1100	1139	
809	791	767	771	1162	1092	1106	1151	
812	761	806	813	1145	1146	1159	1146	
834	828	756	798	1087	1147	1084	1146	
760	835	822	770	1096	1127	1087	1126	
774	760	809	808	1115	1089	1084	1144	
815	808	760	765	1104	1102	1137	1141	
825	803	815	763	1118	1118	1135	1158	
790	789	833	831	1124	1158	1118	1163	
802	796	806	769	1157	1137	1112	1084	
793	824	776	766	1108	1093	1095	1161	
820	794	763	796	1141	1097	1145	1132	
786	772	821	791	1161	1107	1131	1132	
836	777	763	793	1098	1091	1104	1163	
804	762	805	776	1143	1116	1097	1098	
819	795	757	805	1111	1162	1125	1097	
789	782	783	803	1113	1156	1105	1145	
784	772	766	826	1143	1155	1097	1151	
813	787	829	775	1093	1135	1144	1120	
813	833	778	762	1093	1149	1138	1145	
764	830	810	781	1157	1151	1160	1103	
756	769	809	757	1120	1104	1139	1109	
794	818	832	769	1158	1105	1112	1123	
791	808	783	822	1097	1123	1103	1108	
813	825	781	802	1113	1105	1139	1130	
765	812	814	769	1112	1141	1112	1141	
811	766	785	758	1085	1150	1091	1087	
828	831	761	781	1143	1122	1089	1157	
822	800	820	801	1131	1151	1154	1103	
772	791	766	801	1161	1138	1137	1106	
804	813	790	764	1087	1096	1117	1153	
825	799	768	827	1107	1136	1142	1086	
777	819	786	782	1161	1090	1117	1145	
808	805	805	758	1136	1104	1092	1086	
830	821	802	760	1118	1117	1152	1142	
800	790	828	823	1126	1154	1139	1147	
803	820	762	765	1112	1097	1125	1106	
784	765	760	769	1099	1099	1116	1157	
836	769	783	809	1126	1146	1134	1117	
830	788	836	779	1123	1126	1089	1147	
792	761	793	816	1157	1124	1096	1137	
766	834	778	832	1118	1088	1135	1163	
759	824	806	811	1100	1137	1127	1113	
807	807	819	788	1151	1092	1100	1086	
822	792	759	822	1150	1124	1091	1110	
756	833	832	797	1145	1163	1130	1091	
816	758	778	813	1128	1117	1145	1101	
813	769	814	821	1084	1124	1151	1099	
770	819	833	760	1157	1113	1151	1109	
795	836	756	829	1143	1135	1112	1089	
786	782	804	829	1112	1134	1087	1159	
821	795	780	764	1128	1102	1131	1162	
761	828	807	765	1144	1163	1119	1119	
824	768	825	822	1105	1090	1123	1135	
831	789	793	821	1097	1093	1110	1157	
812	762	772	814	1117	1118	1132	1145	
771	835	822	782	1088	1091	1161	1162	
760	787	821	818	1108	1151	1152	1086	
758	762	809	835	1105	1125	1090	1160	
835	769	758	827	1131	1113	1112	1103	
813	819	774	808	1130	1153	1098	1104	
786	772	833	762	1158	1157	1107	1124	
784	819	771	773	1161	1098	1085	1142	
779	820	772	822	1125	1161	1099	1121	
779	801	766	793	1103	1091	1129	1161	
763	833	798	761	1161	1091	1092	1142	
794	817	824	772	1154	1085	1093	1131	
788	834	817	769	1154	1130	1158	1137	
812	762	762	766	1134	1095	1153	1147	
802	800	757	816	1155	1157	1135	1116	
781	828	805	765	1100	1162	1105	1143	
810	787	797	835	1147	1098	1162	1084	
785	818	790	770	1127	1142	1088	1086	
778	834	782	792	1136	1113	1137	1161	
805	762	836	817	1147	1110	1150	1144	
788	794	787	804	1085	1146	1145	1089	
805	790	784	759	1111	1147	1088	1104	
779	759	810	772	1122	1138	1151	1088	
819	792	763	826	1116	1146	1155	1162	
822	788	829	768	1126	1120	1095	1150	
809	787	819	825	1142	1125	1152	1086	
765	826	798	790	1105	1103	1121	1110	
793	801	778	772	1088	1143	1106	1139	
836	774	774	764	1149	1146	1103	1162	
775	807	760	816	1105	1153	1153	1141	
786	817	815	765	1084	1085	1142	1130	
783	773	784	803	1148	1140	1131	1139	
785	766	772	831	1102	1156	1086	1110	
825	775	805	801	1115	1094	1105	1108	
775	767	802	777	1089	1117	1124	1137	
807	813	793	760	1099	1131	1157	1154	
832	771	791	761	1106	1127	1136	1157	
826	786	835	771	1162	1113	1099	1090	
780	769	775	835	1153	1095	1159	1100	
835	795	833	801	1133	1087	1088	1149	
799	795	815	797	1101	1116	1141	1138	
810	766	834	758	1160	1122	1111	1137	
802	813	790	756	1125	1121	1094	1090	
815	758	813	760	1154	1096	1100	1162	
786	766	805	787	1106	1129	1085	1086	
810	823	807	764	1097	1135	1130	1086	
785	803	770	788	1088	1126	1105	1109	
778	833	799	783	1111	1129	1106	1085	
788	822	786	800	1095	1163	1121	1149	
804	785	807	758	1137	1117	1085	1091	
824	797	761	782	1095	1138	1095	1115	
792	782	781	815	1092	1160	1090	1122	
820	784	772	768	1135	1087	1141	1142	
806	809	817	766	1096	1132	1095	1096	
770	823	770	825	1104	1162	1158	1142	
814	827	829	817	1123	1132	1138	1085	
777	781	788	823	1109	1093	1099	1085	
769	798	808	803	1089	1136	1154	1152	
814	756	799	792	1115	1137	1113	1126	
772	819	820	756	1131	1162	1128	1111	
802	768	827	829	1088	1133	1105	1143	
798	791	806	793	1135	1110	1132	1161	
758	815	833	766	1130	1088	1148	1104	
773	832	798	761	1124	1084	1121	1097	
791	832	762	831	1101	1137	1146	1142	
803	770	814	835	1106	1103	1107	1118	
819	773	764	827	1132	1089	1143	1086	
781	798	820	765	1148	1121	1145	1091	
828	824	788	771	1109	1124	1157	1119	
780	807	775	833	1116	1087	1149	1088	
799	827	766	825	1133	1125	1142	1157	
793	811	808	823	1098	1141	1143	1144	
789	811	761	795	1161	1133	1095	1157	
783	819	765	834	1148	1163	1163	1114	
803	803	762	797	1140	1127	1099	1086	
762	767	777	828	1128	1113	1153	1129	
773	774	831	828	1117	1141	1119	1084	
765	783	773	832	1093	1093	1151	1086	
824	759	786	808	1102	1158	1154	1113	
791	761	832	767	1151	1085	1128	1116	
822	783	803	758	1103	1159	1154	1145	
789	817	819	777	1098	1100	1120	1161	
759	822	817	807	1112	1121	1108	1095	
825	805	820	761	1089	1126	1157	1160	
783	820	788	827	1160	1104	1112	1101	
771	785	776	781	1144	1121	1129	1087	
823	835	819	777	1157	1089	1132	1137	
811	816	810	802	1122	1087	1125	1087	
762	808	824	801	1155	1159	1106	1103	
783	800	786	825	1105	1140	1131	1154	
788	835	780	805	1132	1153	1159	1119	
820	825	823	793	1105	1122	1156	1155	
829	833	757	771	1098	1160	1155	1137	
819	830	821	772	1120	1095	1146	1149	
791	784	809	817	1118	1112	1085	1157	
801	827	807	829	1095	1144	1162	1112	
778	759	768	816	1084	1128	1133	1084	
793	812	758	758	1099	1095	1142	1153	
824	759	760	812	1120	1094	1144	1155	
795	793	829	802	1113	1159	1107	1097	
817	835	821	774	1120	1143	1146	1163	
824	794	757	791	1159	1111	1118	1113	
826	782	831	771	1151	1147	1110	1121	
816	814	763	764	1131	1118	1088	1127	
811	766	825	764	1096	1135	1154	1103	
805	806	757	819	1160	1094	1084	1136	
781	816	783	812	1106	1151	1098	1132	
764	821	793	828	1156	1123	1084	1121	
832	826	790	770	1101	1095	1152	1135	
818	779	763	799	1139	1144	1131	1096	
780	795	764	818	1102	1137	1103	1095	
814	773	793	811	1123	1132	1158	1098	
825	779	783	756	1143	1090	1132	1098	
761	758	766	830	1127	1123	1151	1094	
821	767	798	812	1132	1085	1154	1113	
765	816	777	832	1121	1109	1099	1133	
782	759	819	808	1121	1107	1161	1157	
818	824	798	803	1154	1102	1150	1090	
780	796	796	801	1107	1131	1163	1126	
806	836	775	830	1107	1148	1092	1141	
808	833	781	757	1100	1125	1109	1137	
808	765	756	809	1143	1157	1123	1141	
771	810	757	817	1121	1101	1157	1126	
807	758	757	809	1133	1162	1097	1114	
831	779	794	760	1121	1110	1103	1097	
758	823	760	816	1090	1123	1114	1113	
830	764	816	767	1091	1144	1097	1153	
804	798	771	784	1144	1108	1113	1161	
759	834	780	798	1150	1088	1114	1104	
816	771	817	804	1158	1112	1111	1115	
761	779	794	829	1162	1090	1123	1110	
786	828	808	772	1145	1093	1095	1095	
814	787	773	815	1161	1094	1121	1103	
780	826	827	770	1130	1152	1159	1101	
836	798	767	802	1109	1126	1107	1147	
787	803	836	800	1149	1161	1096	1155	
761	793	792	818	1144	1139	1087	1156	
800	819	767	759	1103	1145	1114	1146	
781	803	834	788	1104	1089	1162	1138	
830	776	772	776	1092	1097	1142	1150	
793	824	795	764	1129	1153	1100	1134	
826	824	779	768	1133	1103	1098	1154	
827	803	829	757	1156	1138	1107	1087	
801	832	791	761	1116	1104	1089	1142	
810	757	833	764	1116	1143	1106	1158	
796	819	805	765	1087	1127	1092	1140	
788	818	768	818	1098	1135	1116	1142	
799	798	815	800	1143	1145	1085	1127	
800	764	822	810	1159	1105	1138	1089	
831	794	765	830	1117	1149	1090	1116	
785	761	783	820	1090	1108	1098	1143	
764	831	811	809	1146	1134	1155	1090	
789	786	822	779	1119	1121	1104	1149	
796	789	766	836	1087	1105	1158	1156	
782	795	833	799	1102	1147	1110	1159	
826	764	821	759	1114	1148	1127	1084	
804	833	797	764	1089	1138	1138	1120	
792	817	801	783	1119	1160	1145	1091	
828	773	778	825	1129	1103	1135	1158	
813	832	806	808	1092	1086	1147	1160	
824	779	770	824	1137	1129	1136	1105	
825	760	763	787	1106	1117	1108	1159	
788	802	811	790	1125	1152	1159	1111	
804	768	818	829	1126	1102	1147	1141	
818	826	774	810	1105	1093	1159	1086	
785	813	760	826	1151	1134	1109	1162	
768	794	772	781	1147	1090	1136	1162	
836	789	786	758	1159	1138	1119	1129	
826	787	792	822	1124	1107	1100	1115	
828	785	778	832	1152	1148	1141	1147	
794	813	831	798	1119	1087	1162	1095	
770	815	756	793	1089	1151	1153	1094	
776	835	795	797	1158	1093	1136	1162	
781	771	759	765	1121	1118	1107	1113	
772	816	757	791	1093	1139	1162	1097	
786	833	798	774	1098	1085	1126	1153	
778	831	777	785	1086	1138	1147	1090	
799	828	808	778	1160	1136	1090	1153	
803	833	818	806	1085	1150	1134	1094	
762	827	762	806	1098	1103	1152	1142	
816	835	771	830	1115	1110	1108	1107	
771	770	815	830	1103	1102	1148	1131	
800	761	797	779	1124	1154	1116	1114	
757	808	797	797	1160	1094	1105	1162	
810	800	810	757	1129	1156	1085	1153	
758	803	836	809	1094	1085	1125	1160	
833	760	790	802	1124	1097	1163	1093	
828	774	765	823	1147	1115	1117	1092	
766	801	828	831	1136	1107	1140	1144	
834	764	815	762	1088	1086	1090	1116	
808	810	766	756	1159	1110	1141	1093	
793	823	791	833	1152	1084	1101	1110	
806	783	767	834	1119	1094	1161	1127	
758	809	809	824	1084	1155	1087	1084	
781	836	819	816	1153	1137	1101	1104	
812	802	783	763	1087	1152	1129	1128	
776	819	760	793	1116	1116	1144	1098	
810	763	801	777	1139	1155	1132	1091	
820	817	767	791	1092	1093	1148	1134	
778	762	810	770	1157	1098	1102	1147	
761	816	758	780	1128	1087	1118	1136	
820	796	773	833	1142	1107	1126	1091	
800	788	828	792	1094	1135	1102	1100	
768	765	792	833	1123	1093	1139	1124	
777	765	832	811	1146	1106	1155	1091	
788	835	832	823	1138	1110	1113	1096	
763	763	821	756	1147	1122	1131	1163	
765	801	812	791	1163	1160	1112	1142	
836	810	810	761	1085	1105	1113	1160	
764	778	826	797	1136	1107	1139	1159	
783	825	772	832	1134	1152	1153	1100	
829	796	801	833	1093	1144	1126	1145	
773	814	799	835	1143	1116	1108	1143	
756	823	814	808	1094	1116	1150	1114	
820	785	820	832	1131	1104	1105	1134	
787	766	796	825	1101	1104	1132	1089	
809	835	758	810	1094	1149	1161	1106	
757	780	806	820	1139	1101	1129	1149	
832	791	815	801	1163	1111	1109	1091	
763	811	821	810	1111	1135	1103	1096	
772	776	805	830	1148	1086	1126	1139	
800	771	814	797	1156	1103	1145	1094	
759	779	765	807	1116	1138	1136	1158	
830	824	836	776	1162	1131	1148	1103	
803	809	822	757	1115	1105	1140	1088	
769	795	827	830	1121	1086	1104	1089	
790	770	831	815	1138	1093	1125	1145	
768	815	776	814	1112	1116	1087	1140	
824	756	816	823	1162	1116	1102	1103	
814	805	821	780	1130	1133	1129	1112	
770	802	787	758	1138	1116	1113	1086	
795	762	820	829	1106	1150	1144	1163	
835	799	762	831	1144	1096	1135	1085	
770	762	814	782	1143	1138	1092	1163	
813	825	830	780	1118	1127	1125	1155	
805	796	795	807	1122	1095	1130	1085	
785	771	787	800	1133	1130	1105	1160	
802	823	768	817	1128	1150	1156	1096	
829	792	768	800	1089	1139	1123	1144	
820	797	770	823	1128	1124	1087	1156	
818	759	780	831	1144	1106	1123	1142	
757	776	823	833	1098	1120	1138	1114	
772	797	807	802	1087	1139	1135	1158	
756	826	834	768	1135	1086	1087	1143	
787	829	789	782	1159	1144	1151	1106	
833	828	773	773	1163	1109	1139	1140	
765	836	821	769	1119	1148	1161	1095	
759	810	769	831	1135	1137	1123	1084	
819	805	775	778	1096	1128	1118	1147	
781	786	816	763	1117	1101	1138	1162	
776	771	804	767	1163	1101	1126	1109	
808	767	761	826	1103	1129	1140	1084	
764	789	782	835	1091	1145	1151	1133	
773	804	783	792	1134	1146	1133	1153	
783	770	811	821	1150	1150	1110	1097	
770	826	817	762	1093	1091	1144	1156	
764	816	780	812	1092	1088	1144	1154	
818	771	833	789	1090	1096	1127	1150	
821	791	829	804	1134	1103	1147	1094	
798	762	804	770	1095	1106	1135	1101	
792	803	801	821	1100	1139	1163	1095	
836	778	804	833	1118	1158	1156	1138	
808	823	764	831	1156	1087	1110	1136	
827	756	804	793	1162	1095	1137	1100	
813	778	804	827	1088	1128	1148	1087	
829	760	829	830	1157	1141	1085	1149	
764	788	822	797	1155	1140	1091	1104	
761	815	761	818	1139	1155	1116	1094	
795	768	763	801	1102	1120	1124	1087	
817	766	822	821	1156	1103	1149	1111	
763	814	761	812	1107	1103	1149	1085	
798	769	834	819	1133	1126	1100	1154	
829	773	834	774	1104	1109	1160	1116	
758	814	831	799	1124	1160	1141	1086	
791	759	835	814	1105	1150	1084	1140	
785	829	800	820	1157	1142	1102	1161	
757	818	759	817	1086	1088	1159	1162	
771	798	796	828	1088	1151	1084	1103	
797	805	770	835	1131	1150	1104	1150	
786	758	808	758	1111	1087	1114	1158	
763	784	814	810	1092	1161	1138	1135	
770	796	807	825	1114	1143	1136	1097	
770	805	824	762	1151	1143	1097	1115	
780	833	827	784	1129	1085	1160	1129	
801	767	784	756	1121	1146	1090	1139	
770	799	835	772	1161	1088	1091	1096	
778	777	836	796	1098	1087	1158	1119	
831	829	776	768	1156	1091	1121	1126	
826	811	803	773	1154	1148	1095	1103	
818	824	779	757	1110	1097	1163	1113	
786	767	836	786	1107	1119	1150	1112	
819	814	764	804	1106	1128	1162	1095	
800	809	792	756	1095	1163	1139	1109	
817	827	777	820	1088	1129	1143	1152	
811	761	804	808	1123	1150	1094	1147	
764	773	824	832	1123	1147	1112	1110	
790	786	805	827	1112	1129	1141	1090	
810	779	772	836	1121	1129	1149	1159	
783	761	835	820	1133	1158	1123	1132	
834	765	836	772	1159	1156	1157	1089	
779	776	779	836	1160	1135	1092	1157	
764	833	793	835	1135	1119	1105	1107	
779	762	818	762	1100	1122	1136	1161	
763	812	804	799	1117	1140	1143	1162	
835	795	775	798	1086	1137	1085	1124	
768	808	770	825	1116	1158	1106	1152	
757	799	796	830	1084	1102	1114	1152	
798	783	758	760	1144	1119	1121	1113	
820	765	824	816	1140	1122	1103	1144	
770	813	794	770	1107	1125	1116	1160	
784	778	835	821	1094	1160	1095	1154	
816	772	757	805	1160	1120	1144	1099	
777	810	775	814	1109	1160	1129	1117	
805	836	756	826	1084	1109	1096	1151	
787	767	815	796	1132	1102	1149	1084	
773	789	787	804	1088	1102	1109	1089	
830	814	769	791	1142	1143	1143	1130	
819	830	757	797	1146	1120	1162	1096	
809	764	811	757	1090	1088	1154	1124	
811	797	757	814	1086	1140	1142	1158	
812	836	816	824	1086	1134	1123	1149	
776	827	793	825	1084	1102	1102	1099	
813	834	824	775	1119	1100	1156	1092	
768	767	818	760	1094	1130	1139	1095	
799	793	796	825	1118	1100	1159	1096	
796	771	791	828	1127	1150	1130	1121	
833	774	830	758	1160	1147	1099	1096	
807	796	798	821	1119	1103	1093	1154	
836	806	796	763	1122	1147	1116	1098	
820	767	768	824	1091	1090	1124	1147	
761	810	776	835	1154	1159	1112	1116	
799	826	821	822	1097	1106	1149	1155	
761	769	802	822	1107	1100	1110	1163	
766	823	768	816	1105	1136	1102	1103	
815	795	812	757	1107	1140	1095	1124	
824	826	789	761	1158	1115	1128	1156	
824	790	780	818	1146	1117	1157	1109	
797	789	821	788	1141	1125	1126	1096	
756	803	796	776	1116	1087	1163	1120	
794	784	832	773	1119	1099	1108	1161	
814	776	807	814	1102	1121	1138	1123	
822	830	791	791	1143	1160	1142	1100	
809	777	826	779	1158	1111	1086	1085	
812	809	793	763	1093	1088	1148	1138	
809	806	822	765	1145	1152	1120	1085	
786	780	834	836	1101	1122	1156	1159	
823	815	790	812	1133	1132	1118	1093	
762	757	812	783	1139	1097	1084	1092	
821	768	768	789	1129	1155	1115	1099	
779	830	828	761	1096	1151	1155	1117	
783	791	765	831	1150	1085	1152	1113	
772	824	764	760	1101	1160	1085	1111	
834	762	761	761	1156	1143	1125	1103	
761	767	771	825	1144	1110	1094	1153	
791	829	833	765	1135	1117	1138	1084	
756	833	826	757	1094	1149	1147	1146	
791	828	771	836	1118	1155	1122	1088	
830	790	797	836	1091	1154	1097	1085	
764	836	827	799	1120	1123	1161	1161	
826	763	769	777	1113	1123	1152	1132	
831	835	806	771	1135	1147	1095	1159	
811	803	792	834	1131	1151	1088	1161	
773	834	762	797	1093	1123	1109	1163	
757	808	831	823	1155	1113	1115	1086	
767	761	769	831	1129	1129	1090	1162	
806	818	757	827	1157	1100	1091	1157	
829	810	836	769	1113	1130	1136	1090	
789	826	770	817	1088	1144	1091	1124	
784	802	818	757	1132	1116	1163	1087	
760	801	824	833	1155	1140	1099	1158	
756	774	820	772	1108	1150	1110	1122	
776	812	757	814	1086	1139	1158	1154	
796	803	813	768	1138	1089	1102	1158	
829	767	826	779	1087	1134	1143	1140	
780	768	815	768	1157	1106	1132	1101	
777	819	763	831	1127	1141	1136	1100	
821	801	790	777	1157	1153	1096	1104	
801	799	782	828	1138	1094	1134	1094	
762	800	822	765	1126	1112	1155	1092	
827	778	764	832	1151	1161	1109	1128	
836	813	785	796	1162	1106	1094	1101	
785	767	788	775	1152	1114	1095	1110	
781	795	773	797	1097	1155	1156	1099	
792	791	818	776	1157	1087	1125	1139	
826	757	778	805	1093	1097	1102	1089	
767	758	830	806	1130	1155	1151	1091	
783	832	808	827	1118	1092	1132	1124	
780	759	820	832	1161	1087	1130	1123	
763	786	759	795	1126	1160	1102	1156	
813	787	770	809	1131	1158	1108	1118	
823	759	823	808	1109	1146	1150	1159	
808	797	809	784	1100	1090	1141	1146	
825	828	780	784	1138	1113	1160	1109	
809	830	756	810	1133	1154	1109	1110	
763	807	783	804	1100	1137	1092	1120	
785	817	761	768	1119	1086	1150	1108	
800	826	762	756	1162	1122	1151	1105	
773	829	797	834	1141	1100	1121	1087	
761	765	786	829	1104	1119	1155	1110	
830	793	762	770	1088	1103	1102	1094	
809	776	796	824	1130	1106	1088	1138	
802	819	775	816	1142	1104	1086	1162	
836	779	810	822	1112	1089	1158	1134	
776	787	768	807	1103	1121	1144	1088	
776	830	761	757	1126	1139	1106	1103	
820	776	802	766	1110	1098	1142	1157	
826	804	786	765	1097	1133	1087	1128	
798	820	816	768	1118	1086	1086	1102	
795	811	809	757	1106	1107	1086	1161	
778	831	812	811	1142	1094	1091	1119	
799	801	766	816	1087	1160	1098	1150	
768	830	786	818	1147	1114	1095	1145	
809	825	779	833	1117	1128	1096	1160	
820	808	758	813	1150	1138	1119	1127	
770	815	836	757	1104	1122	1098	1159	
793	811	828	803	1116	1125	1145	1106	
822	814	796	765	1111	1140	1147	1087	
756	801	811	814	1087	1107	1157	1111	
772	770	827	814	1148	1129	1145	1089	
791	810	781	762	1100	1096	1148	1102	
835	807	834	790	1087	1100	1163	1153	
823	795	826	802	1120	1129	1116	1085	
779	806	832	819	1118	1135	1145	1139	
798	766	763	759	1147	1155	1093	1138	
828	817	766	779	1152	1087	1108	1159	
831	795	780	832	1124	1146	1136	1112	
835	777	815	825	1106	1149	1151	1095	
816	801	805	806	1156	1089	1106	1163	
765	829	811	824	1130	1123	1090	1100	
776	775	820	824	1126	1130	1149	1143	
830	791	826	791	1142	1119	1119	1085	
791	827	789	763	1096	1122	1087	1143	
760	830	767	826	1131	1113	1121	1111	
826	790	771	836	1146	1108	1162	1091	
783	805	768	835	1108	1140	1105	1125	
780	761	810	796	1107	1160	1123	1101	
757	817	799	806	1138	1110	1121	1153	
831	827	761	810	1147	1141	1091	1120	
821	804	818	808	1096	1150	1158	1124	
773	777	796	792	1141	1159	1113	1136	
834	785	770	801	1105	1099	1144	1161	
762	836	784	836	1146	1092	1144	1115	
777	816	798	765	1120	1091	1149	1090	
799	768	834	814	1099	1103	1161	1162	
829	775	785	818	1097	1116	1153	1137	
833	795	770	793	1148	1149	1101	1119	
802	796	776	817	1105	1103	1134	1150	
813	821	762	772	1159	1162	1097	1109	
825	813	823	804	1122	1102	1088	1096	
764	836	791	813	1163	1084	1085	1091	
828	804	766	831	1162	1085	1104	1124	
781	761	771	806	1125	1099	1117	1159	
757	771	828	819	1092	1120	1128	1162	
795	764	781	783	1094	1148	1151	1106	
791	793	782	829	1135	1100	1128	1125	
777	833	821	817	1157	1144	1109	1104	
825	836	771	766	1090	1099	1152	1152	
772	800	761	807	1122	1115	1119	1127	
832	765	765	796	1115	1096	1162	1125	
768	788	763	801	1120	1106	1147	1106	
796	801	776	832	1163	1110	1151	1085	
827	786	815	812	1135	1104	1102	1120	
800	782	819	833	1126	1102	1135	1103	
768	814	834	782	1113	1090	1090	1152	
774	820	824	767	1118	1140	1153	1104	
774	817	775	763	1092	1128	1155	1163	
762	802	790	781	1109	1116	1113	1149	
784	792	763	828	1126	1095	1160	1152	
787	836	809	820	1114	1110	1146	1089	
826	767	758	818	1160	1154	1093	1156	
780	825	775	797	1113	1127	1114	1088	
766	788	833	827	1120	1121	1086	1154	
811	829	774	766	1149	1090	1104	1085	
790	780	831	789	1135	1144	1084	1113	
756	827	766	764	1131	1091	1163	1092	
833	771	772	832	1094	1128	1117	1153	
800	808	827	759	1088	1112	1138	1134	
810	771	834	767	1098	1132	1144	1087	
765	793	817	820	1154	1085	1159	1161	
810	786	767	830	1112	1112	1128	1116	
820	771	811	806	1150	1092	1119	1163	
819	795	813	760	1125	1112	1162	1106	
808	789	809	761	1094	1140	1084	1141	
764	766	832	833	1128	1147	1159	1151	
811	768	820	826	1099	1109	1117	1126	
765	818	791	832	1110	1126	1088	1135	
827	818	770	796	1109	1119	1144	1104	
767	788	757	787	1157	1119	1098	1141	
802	794	814	763	1101	1137	1086	1145	
771	808	785	825	1146	1135	1122	1161	
833	782	777	828	1162	1139	1109	1137	
788	761	783	775	1116	1120	1159	1092	
836	806	779	811	1116	1100	1093	1144	
783	803	819	757	1103	1122	1144	1091	
808	764	800	776	1156	1104	1096	1126	
830	781	769	810	1100	1089	1092	1159	
773	769	796	814	1099	1136	1162	1103	
816	822	756	761	1156	1110	1112	1109	
833	785	769	765	1154	1098	1133	1130	
765	827	771	817	1149	1119	1090	1136	
823	762	786	789	1132	1114	1099	1139	
792	759	794	802	1122	1138	1088	1107	
774	767	779	827	1140	1084	1127	1092	
801	772	803	831	1101	1098	1092	1162	
781	762	821	826	1111	1144	1095	1161	
765	773	833	819	1139	1097	1092	1094	
790	825	756	830	1105	1134	1151	1161	
827	787	828	768	1101	1103	1163	1090	
788	760	769	818	1102	1156	1132	1099	
777	770	765	820	1102	1127	1156	1152	
783	832	761	795	1109	1114	1092	1115	
779	776	836	774	1161	1086	1094	1159	
812	827	802	775	1130	1095	1139	1149	
789	829	757	813	1135	1088	1133	1110	
780	779	834	785	1126	1159	1092	1091	
808	770	787	801	1150	1085	1117	1111	
836	826	760	821	1087	1121	1147	1155	
770	817	796	835	1098	1125	1095	1092	
806	781	813	763	1122	1142	1128	1091	
808	779	760	818	1111	1129	1095	1152	
804	807	817	801	1139	1099	1134	1084	
815	778	790	836	1088	1135	1131	1120	
774	804	830	771	1150	1098	1126	1113	
823	758	772	810	1142	1122	1106	1104	
819	820	812	802	1157	1137	1090	1100	
813	812	806	761	1127	1110	1159	1105	
818	767	821	811	1087	1130	1142	1143	
763	796	800	829	1114	1130	1110	1087	
801	791	816	769	1119	1124	1089	1154	
801	764	807	825	1161	1150	1093	1156	
759	831	789	823	1128	1126	1143	1117	
812	767	756	829	1120	1141	1089	1145	
774	822	803	805	1113	1148	1094	1140	
791	774	804	764	1134	1114	1086	1140	
785	803	805	782	1093	1154	1143	1142	
