L1	L2	L3	L4	R1	R2	R3	R4	
798	798	802	798	1133	1132	1161	1094	
814	780	799	829	1092	1085	1141	1162	
792	760	834	767	1129	1089	1124	1144	
813	779	828	803	1109	1110	1157	1103	
819	806	800	819	1156	1136	1091	1146	
785	795	814	834	1096	1146	1087	1101	
823	761	819	780	1126	1085	1124	1163	
782	785	817	817	1163	1153	1110	1090	
804	815	759	805	1127	1133	1093	1124	
784	766	825	785	1155	1126	1145	1102	
779	803	830	766	1105	1108	1092	1150	
786	782	779	827	1101	1096	1105	1150	
770	801	760	801	1144	1133	1146	1090	
767	758	824	824	1161	1119	1103	1135	
774	824	761	820	1130	1160	1155	1096	
796	826	801	831	1112	1090	1153	1161	
807	795	757	808	1106	1115	1124	1163	
767	818	793	785	1119	1147	1161	1121	
762	827	757	797	1157	1163	1107	1097	
808	767	816	823	1100	1144	1144	1135	
797	761	823	817	1122	1109	1129	1086	
828	762	770	828	1097	1110	1163	1133	
784	759	835	832	1099	1152	1146	1153	
787	830	809	778	1159	1107	1102	1118	
757	813	829	829	1112	1088	1111	1144	
825	815	767	819	1100	1144	1084	1155	
765	756	795	784	1086	1084	1095	1136	
778	834	779	812	1143	1116	1085	1099	
782	803	822	812	1139	1129	1089	1092	
772	785	806	832	1151	1102	1154	1118	
816	797	778	814	1142	1094	1135	1092	
822	805	779	833	1128	1095	1155	1092	
788	817	828	803	1107	1097	1161	1103	
765	823	791	761	1132	1091	1128	1155	
832	761	816	783	1151	1097	1127	1150	
759	818	836	778	1114	1145	1089	1142	
819	812	807	785	1163	1086	1087	1114	
814	779	799	764	1094	1136	1151	1129	
825	807	758	775	1161	1091	1129	1144	
784	835	816	784	1104	1109	1150	1089	
760	800	797	801	1099	1139	1140	1128	
817	787	780	798	1134	1094	1110	1160	
799	756	777	805	1155	1086	1095	1157	
799	819	805	771	1156	1144	1106	1159	
791	826	791	789	1144	1140	1087	1121	
767	832	779	783	1119	1117	1143	1091	
756	825	799	801	1086	1145	1084	1140	
786	768	818	819	1136	1126	1124	1120	
795	779	825	775	1151	1097	1133	1104	
810	783	760	796	1159	1085	1089	1109	
822	799	757	777	1117	1123	1122	1153	
759	774	825	793	1117	1155	1102	1096	
801	826	803	813	1153	1084	1138	1087	
832	766	775	828	1163	1141	1086	1126	
816	815	822	765	1146	1163	1122	1115	
758	830	806	811	1150	1095	1150	1141	
769	783	833	763	1144	1124	1160	1113	
803	793	769	794	1125	1118	1088	1116	
789	788	773	817	1133	1093	1107	1087	
802	790	820	819	1121	1143	1089	1131	
778	812	789	766	1091	1151	1158	1086	
829	796	781	818	1113	1085	1155	1086	
779	826	835	761	1142	1147	1090	1123	
824	769	771	811	1152	1103	1098	1107	
775	805	806	829	1133	1140	1087	1163	
816	768	769	826	1144	1093	1108	1125	
818	764	781	831	1128	1106	1152	1117	
788	795	759	817	1106	1084	1152	1103	
778	794	769	826	1132	1120	1093	1119	
817	823	770	831	1132	1153	1148	1112	
830	779	775	820	1141	1111	1085	1093	
799	806	820	776	1160	1133	1136	1088	
799	825	774	771	1104	1142	1109	1142	
819	830	782	762	1103	1084	1132	1160	
784	807	771	801	1158	1116	1101	1110	
817	786	779	834	1129	1107	1143	1117	
802	814	780	764	1138	1110	1109	1108	
789	793	780	832	1150	1132	1104	1147	
781	821	835	797	1162	1085	1136	1155	
820	812	820	776	1117	1134	1161	1110	
790	813	756	835	1123	1092	1149	1134	
765	803	822	809	1112	1148	1126	1118	
822	823	770	776	1100	1154	1146	1147	
764	829	778	765	1100	1149	1098	1094	
832	796	832	766	1134	1128	1138	1121	
773	758	806	835	1104	1160	1100	1110	
772	832	781	775	1101	1152	1091	1131	
769	762	832	767	1091	1147	1090	1089	
779	800	814	761	1149	1091	1144	1132	
786	834	834	780	1122	1149	1146	1111	
768	831	763	809	1157	1153	1095	1093	
760	757	833	812	1138	1091	1110	1138	
759	806	762	761	1118	1086	1123	1085	
826	756	786	760	1128	1095	1132	1109	
823	765	805	799	1156	1084	1155	1102	
777	810	764	761	1134	1138	1088	1161	
756	805	823	759	1160	1095	1101	1139	
822	762	782	771	1127	1148	1095	1142	
808	785	816	768	1109	1133	1156	1088	
795	760	831	800	1159	1108	1114	1154	
832	815	776	833	1127	1090	1121	1127	
787	781	765	764	1092	1122	1126	1126	
818	760	795	814	1151	1162	1106	1101	
821	802	780	835	1125	1146	1122	1084	
785	758	819	773	1092	1103	1146	1135	
767	798	759	833	1093	1119	1131	1143	
833	802	811	836	1089	1138	1152	1142	
799	779	814	820	1141	1139	1098	1091	
797	788	822	777	1156	1102	1148	1134	
833	832	776	815	1086	1104	1088	1146	
809	765	759	816	1086	1159	1156	1141	
769	801	807	779	1100	1149	1099	1150	
814	756	831	785	1124	1121	1152	1112	
801	834	792	758	1097	1111	1093	1126	
756	820	769	832	1105	1117	1145	1123	
780	758	812	824	1105	1118	1153	1102	
792	821	790	769	1126	1098	1157	1094	
833	780	820	780	1099	1091	1111	1159	
828	784	788	768	1130	1114	1110	1106	
818	764	776	764	1141	1114	1096	1131	
786	759	823	791	1114	1110	1116	1127	
782	812	835	756	1102	1132	1152	1151	
815	766	798	759	1119	1137	1147	1153	
827	780	782	835	1115	1126	1092	1136	
826	823	773	785	1112	1162	1090	1120	
805	808	785	788	1102	1163	1101	1142	
784	805	825	817	1132	1103	1160	1084	
815	832	774	762	1118	1109	1127	1085	
836	833	811	773	1103	1085	1144	1138	
785	816	831	835	1095	1159	1157	1102	
792	772	801	769	1135	1163	1148	1107	
759	786	824	777	1109	1095	1154	1095	
818	829	811	794	1138	1111	1134	1087	
762	809	805	809	1126	1145	1088	1107	
767	792	764	828	1152	1106	1089	1159	
833	820	771	804	1120	1096	1086	1154	
762	828	786	789	1121	1099	1114	1098	
771	824	791	774	1115	1115	1163	1087	
782	822	802	772	1138	1114	1127	1158	
779	772	783	765	1158	1158	1157	1093	
798	760	768	777	1129	1096	1085	1141	
804	758	793	794	1084	1130	1146	1113	
795	795	796	762	1098	1154	1109	1145	
770	792	830	761	1084	1163	1130	1094	
781	757	811	826	1156	1157	1090	1106	
785	778	763	818	1132	1135	1121	1158	
811	810	758	812	1147	1107	1111	1143	
800	806	791	806	1115	1096	1102	1143	
787	810	806	794	1130	1145	1159	1103	
778	819	813	762	1134	1095	1086	1148	
832	777	820	757	1129	1089	1145	1140	
779	826	823	814	1128	1134	1162	1084	
806	793	830	769	1149	1154	1156	1097	
804	769	782	824	1097	1129	1132	1144	
779	812	813	771	1100	1146	1112	1128	
821	801	826	769	1156	1144	1110	1097	
790	787	804	794	1151	1094	1139	1099	
763	780	762	816	1149	1157	1114	1093	
789	767	815	824	1133	1145	1143	1091	
835	817	762	760	1106	1147	1124	1126	
776	761	826	828	1159	1163	1136	1146	
810	804	778	833	1094	1121	1087	1156	
822	813	819	781	1122	1086	1137	1086	
826	790	777	836	1145	1094	1148	1092	
789	828	767	800	1089	1102	1134	1097	
774	795	826	763	1087	1117	1131	1146	
811	757	832	759	1097	1156	1091	1132	
813	791	758	831	1141	1112	1157	1138	
817	781	788	829	1094	1123	1104	1158	
816	767	806	773	1163	1096	1150	1141	
822	759	799	759	1111	1143	1093	1098	
815	775	830	779	1115	1096	1128	1145	
834	776	792	765	1144	1126	1162	1114	
829	794	767	814	1130	1091	1151	1161	
773	784	767	798	1090	1157	1132	1085	
776	832	757	829	1091	1122	1134	1121	
785	777	804	797	1138	1086	1152	1091	
815	825	804	758	1088	1096	1163	1139	
791	830	796	780	1144	1110	1143	1096	
758	828	796	796	1088	1151	1151	1106	
806	817	760	767	1142	1150	1088	1107	
835	791	769	794	1089	1100	1160	1129	
766	829	828	799	1158	1149	1096	1106	
764	784	778	815	1129	1108	1145	1157	
764	790	767	769	1155	1107	1109	1162	
826	815	790	779	1104	1120	1111	1138	
808	823	763	773	1113	1094	1152	1147	
829	781	758	759	1123	1126	1124	1144	
826	783	836	761	1145	1117	1088	1093	
792	817	824	795	1128	1138	1110	1084	
810	784	757	800	1154	1145	1148	1086	
831	799	789	784	1138	1146	1090	1135	
786	807	791	829	1086	1109	1149	1160	
797	826	832	823	1161	1096	1111	1085	
820	760	834	762	1121	1107	1160	1091	
825	763	790	762	1130	1088	1160	1151	
805	764	831	818	1152	1094	1156	1105	
768	815	836	763	1133	1130	1151	1145	
791	792	763	831	1108	1139	1131	1111	
778	800	793	836	1131	1151	1086	1154	
824	816	812	776	1133	1086	1152	1136	
757	781	777	770	1137	1132	1134	1092	
788	802	808	831	1100	1098	1163	1105	
832	773	810	801	1122	1119	1097	1161	
771	778	795	825	1123	1126	1155	1104	
822	828	760	759	1090	1120	1140	1155	
793	768	818	778	1131	1087	1093	1116	
766	833	825	764	1106	1133	1130	1161	
813	783	819	756	1144	1110	1093	1160	
762	787	823	803	1155	1092	1132	1084	
761	808	804	811	1090	1102	1163	1125	
777	826	776	829	1095	1107	1161	1125	
832	807	786	807	1161	1116	1128	1090	
825	834	806	770	1160	1111	1088	1090	
799	814	758	834	1142	1121	1153	1090	
820	807	769	778	1126	1132	1157	1109	
831	759	757	780	1101	1110	1128	1161	
804	756	819	768	1096	1150	1095	1124	
796	785	834	769	1140	1138	1108	1089	
769	831	758	771	1104	1110	1117	1123	
791	829	766	826	1097	1154	1112	1130	
765	770	834	833	1158	1126	1103	1120	
801	796	817	767	1084	1123	1105	1156	
776	801	758	814	1136	1120	1097	1086	
810	795	802	809	1117	1093	1152	1096	
826	836	813	818	1133	1130	1153	1102	
815	782	774	832	1100	1106	1161	1137	
810	812	783	810	1123	1092	1126	1155	
782	795	760	826	1121	1105	1112	1159	
776	822	776	816	1138	1112	1103	1128	
832	764	768	790	1088	1157	1151	1103	
800	765	827	765	1112	1092	1153	1162	
772	781	830	825	1153	1137	1103	1117	
793	773	832	817	1148	1096	1098	1128	
833	806	800	777	1106	1130	1103	1162	
784	824	795	764	1099	1156	1162	1086	
821	772	809	756	1129	1093	1131	1098	
812	822	761	821	1160	1158	1128	1090	
781	812	776	771	1111	1128	1140	1115	
825	811	773	799	1087	1110	1100	1161	
786	794	829	771	1092	1133	1087	1119	
786	757	833	793	1107	1128	1159	1098	
779	777	776	836	1163	1092	1089	1160	
756	821	825	820	1143	1103	1131	1109	
816	764	830	826	1161	1160	1129	1139	
809	817	802	791	1149	1107	1123	1107	
813	766	806	801	1141	1155	1092	1096	
757	795	807	813	1145	1104	1123	1155	
834	818	810	765	1142	1144	1126	1103	
788	787	777	836	1162	1154	1111	1104	
812	827	799	810	1153	1128	1111	1159	
802	817	836	757	1137	1084	1091	1146	
817	775	782	758	1127	1147	1104	1092	
779	817	786	834	1152	1142	1092	1087	
762	775	834	818	1112	1136	1148	1084	
771	829	824	804	1143	1090	1139	1161	
791	780	834	785	1086	1132	1126	1141	
805	787	791	774	1108	1147	1101	1160	
775	828	792	836	1120	1153	1148	1086	
783	764	789	800	1147	1099	1161	1123	
808	798	768	827	1163	1127	1149	1098	
797	782	782	776	1122	1157	1084	1089	
756	806	824	826	1163	1115	1095	1126	
807	790	766	810	1099	1144	1125	1149	
836	758	808	825	1098	1104	1146	1111	
783	814	821	789	1144	1151	1118	1099	
798	774	812	788	1106	1152	1110	1163	
789	794	795	770	1126	1118	1151	1115	
776	791	780	807	1120	1110	1141	1113	
766	761	827	756	1133	1147	1096	1092	
824	769	797	835	1129	1162	1116	1092	
758	779	833	764	1130	1123	1155	1140	
804	757	777	805	1130	1126	1085	1090	
767	820	775	776	1115	1149	1091	1104	
818	763	808	816	1137	1154	1099	1140	
800	785	756	836	1086	1130	1132	1153	
832	773	806	780	1146	1084	1162	1158	
809	767	806	824	1126	1141	1140	1126	
810	802	830	763	1086	1160	1158	1122	
782	761	814	807	1143	1158	1099	1099	
765	812	774	766	1118	1149	1099	1146	
823	817	760	804	1103	1136	1137	1162	
796	786	798	825	1112	1087	1139	1117	
762	783	782	766	1130	1130	1138	1088	
790	813	824	764	1125	1153	1124	1146	
824	813	771	794	1102	1102	1136	1161	
809	785	772	816	1095	1135	1123	1113	
805	794	781	825	1111	1149	1086	1105	
782	772	768	812	1129	1125	1091	1091	
775	785	836	833	1094	1084	1154	1121	
820	776	761	765	1137	1086	1121	1126	
773	759	760	810	1163	1085	1140	1087	
765	785	812	829	1121	1114	1093	1132	
822	779	784	770	1157	1089	1151	1093	
834	780	812	824	1144	1096	1148	1119	
779	770	786	756	1093	1162	1137	1154	
760	807	824	771	1095	1145	1098	1125	
815	800	760	824	1140	1097	1146	1145	
818	796	793	836	1096	1160	1145	1103	
758	804	824	758	1109	1117	1087	1161	
829	766	811	770	1090	1110	1091	1158	
829	819	812	763	1142	1090	1152	1098	
798	771	815	778	1084	1115	1152	1129	
763	780	796	807	1121	1126	1089	1092	
829	784	793	836	1163	1161	1138	1092	
767	791	825	764	1131	1151	1163	1086	
819	758	795	821	1085	1147	1144	1096	
764	808	819	777	1133	1161	1092	1099	
811	771	785	803	1119	1086	1130	1126	
770	793	826	772	1119	1093	1151	1104	
824	815	770	823	1086	1135	1154	1156	
827	833	773	820	1120	1112	1136	1144	
785	775	762	790	1106	1161	1136	1096	
762	830	832	785	1096	1154	1132	1096	
802	763	816	774	1148	1124	1127	1158	
781	787	789	798	1139	1086	1158	1089	
831	761	816	762	1123	1085	1153	1143	
765	788	764	823	1118	1096	1161	1137	
798	804	764	830	1102	1101	1104	1120	
778	828	777	758	1128	1134	1151	1151	
756	825	803	772	1138	1088	1110	1121	
814	784	767	768	1138	1145	1101	1146	
794	778	799	827	1143	1127	1086	1144	
790	836	770	825	1123	1144	1128	1113	
835	805	814	773	1142	1114	1105	1156	
808	830	836	759	1088	1150	1154	1100	
762	809	808	825	1128	1149	1097	1105	
787	811	802	834	1148	1150	1085	1087	
763	794	824	812	1112	1158	1160	1103	
829	803	793	794	1122	1155	1134	1126	
812	798	820	768	1116	1135	1120	1140	
763	807	832	777	1135	1108	1160	1089	
805	834	763	764	1131	1086	1137	1104	
829	761	793	802	1126	1153	1089	1087	
804	773	820	759	1116	1159	1098	1085	
814	821	774	781	1158	1093	1152	1143	
760	799	823	824	1104	1096	1122	1129	
781	832	816	814	1127	1150	1108	1089	
772	794	790	823	1146	1110	1096	1162	
830	783	824	779	1154	1101	1100	1089	
791	806	815	773	1159	1151	1145	1161	
835	764	797	800	1084	1138	1155	1089	
792	806	759	791	1095	1125	1140	1085	
814	800	803	806	1095	1134	1084	1163	
760	818	816	834	1134	1156	1087	1121	
805	766	835	757	1146	1143	1089	1114	
824	836	814	766	1144	1150	1107	1111	
765	820	763	772	1130	1116	1147	1124	
799	767	760	799	1107	1103	1163	1115	
800	803	798	821	1128	1134	1148	1110	
765	836	821	831	1119	1147	1159	1140	
779	772	831	832	1120	1115	1103	1162	
824	794	830	800	1084	1147	1156	1133	
796	792	785	757	1084	1153	1163	1114	
760	801	812	781	1106	1136	1103	1097	
780	765	821	760	1105	1115	1154	1142	
814	775	769	823	1100	1128	1118	1142	
758	808	757	764	1103	1098	1140	1161	
831	775	830	821	1159	1143	1091	1163	
764	824	770	819	1141	1110	1140	1085	
792	801	766	835	1084	1091	1137	1114	
796	765	766	820	1120	1100	1095	1146	
791	779	794	770	1136	1129	1162	1122	
769	792	786	782	1147	1156	1098	1112	
767	830	757	804	1106	1114	1087	1153	
788	775	775	798	1131	1091	1160	1085	
769	785	769	769	1134	1150	1158	1100	
785	806	771	834	1106	1123	1119	1161	
817	816	756	766	1121	1138	1088	1132	
782	763	802	817	1132	1100	1157	1160	
775	831	774	809	1103	1155	1149	1159	
813	759	773	831	1095	1151	1141	1093	
768	819	824	776	1084	1156	1154	1163	
784	827	796	794	1121	1138	1148	1116	
795	786	759	793	1116	1122	1116	1161	
768	802	759	778	1126	1094	1147	1150	
831	789	793	812	1086	1146	1119	1150	
772	795	801	760	1148	1092	1102	1160	
757	805	807	764	1094	1113	1107	1148	
809	771	827	762	1142	1156	1128	1120	
801	803	799	824	1131	1133	1158	1102	
764	821	813	828	1090	1145	1085	1152	
790	823	770	834	1102	1106	1151	1159	
820	775	836	757	1096	1098	1161	1094	
825	779	776	836	1087	1097	1126	1124	
775	785	818	788	1135	1163	1133	1123	
766	786	830	836	1092	1163	1157	1133	
796	836	761	812	1158	1113	1107	1111	
761	830	789	766	1104	1094	1150	1132	
789	788	771	826	1162	1088	1097	1129	
785	797	818	771	1088	1089	1162	1085	
823	817	771	834	1155	1161	1139	1160	
834	792	778	832	1122	1109	1160	1135	
771	807	821	756	1129	1136	1154	1109	
820	803	766	807	1134	1162	1126	1089	
796	826	829	794	1124	1159	1093	1088	
760	824	810	763	1108	1156	1091	1086	
756	773	782	773	1139	1134	1109	1091	
817	768	765	829	1147	1135	1099	1142	
807	780	822	773	1152	1107	1099	1138	
834	802	757	815	1101	1132	1161	1088	
785	794	819	774	1157	1111	1099	1162	
791	768	802	788	1136	1085	1161	1158	
802	769	813	814	1116	1149	1159	1146	
827	809	818	758	1087	1140	1144	1149	
793	806	824	763	1128	1108	1139	1088	
777	829	767	827	1099	1108	1148	1086	
812	760	790	804	1156	1091	1158	1137	
822	756	810	819	1120	1098	1149	1087	
797	758	760	792	1098	1145	1103	1149	
785	788	763	820	1109	1120	1130	1126	
826	813	778	761	1143	1093	1102	1126	
828	778	771	823	1111	1158	1157	1163	
788	773	832	820	1095	1096	1139	1151	
761	836	768	786	1127	1096	1086	1149	
774	807	830	811	1102	1103	1126	1115	
802	821	763	825	1123	1133	1125	1144	
800	825	773	778	1162	1086	1115	1141	
792	807	767	819	1121	1117	1137	1151	
774	793	805	766	1132	1103	1118	1086	
772	819	796	822	1137	1145	1125	1144	
763	827	759	816	1134	1163	1119	1120	
826	831	771	796	1115	1137	1131	1161	
758	793	833	798	1109	1091	1153	1138	
771	803	809	792	1118	1140	1147	1136	
762	825	781	810	1103	1156	1139	1095	
829	763	814	809	1153	1120	1133	1086	
769	836	756	769	1124	1084	1150	1118	
836	809	805	764	1134	1108	1140	1131	
785	823	777	807	1136	1137	1120	1108	
830	800	775	791	1092	1095	1090	1159	
759	771	832	781	1124	1115	1134	1106	
814	827	830	765	1162	1113	1135	1088	
766	774	811	828	1103	1092	1110	1141	
833	800	803	764	1151	1108	1105	1151	
836	829	756	806	1095	1138	1134	1114	
827	831	772	770	1095	1133	1101	1101	
778	794	815	830	1158	1088	1156	1140	
812	799	804	788	1107	1152	1095	1146	
814	791	814	823	1101	1102	1145	1154	
833	803	827	782	1127	1163	1117	1087	
786	766	824	796	1145	1119	1088	1119	
817	757	782	835	1107	1136	1157	1144	
772	834	767	831	1155	1149	1104	1102	
770	811	791	780	1141	1159	1125	1107	
832	765	822	777	1141	1114	1158	1086	
801	765	811	758	1105	1108	1154	1156	
775	779	834	825	1131	1113	1158	1159	
791	782	819	819	1106	1133	1089	1145	
817	756	809	806	1150	1144	1125	1094	
781	784	797	764	1125	1114	1159	1157	
792	801	796	832	1106	1147	1094	1161	
758	831	815	818	1146	1131	1092	1138	
836	805	791	828	1137	1147	1153	1148	
758	836	836	810	1126	1102	1141	1153	
793	774	829	777	1085	1089	1142	1128	
806	789	764	819	1118	1105	1117	1088	
798	787	773	818	1127	1155	1093	1120	
808	816	769	756	1108	1158	1142	1095	
813	760	783	833	1130	1099	1147	1139	
763	789	778	821	1097	1154	1111	1144	
833	780	772	774	1109	1143	1111	1088	
763	820	784	827	1122	1106	1158	1160	
785	800	789	805	1129	1140	1125	1092	
766	825	791	777	1101	1158	1151	1089	
772	810	814	833	1117	1131	1151	1088	
756	825	817	757	1101	1116	1148	1160	
824	836	766	761	1087	1122	1106	1143	
776	776	822	788	1094	1156	1139	1104	
768	762	791	830	1113	1100	1109	1151	
834	781	821	778	1142	1088	1154	1120	
831	772	774	758	1147	1144	1162	1093	
811	760	824	787	1120	1118	1126	1107	
812	780	769	830	1092	1131	1101	1159	
826	773	761	809	1131	1147	1087	1091	
800	766	770	790	1147	1091	1135	1147	
800	779	835	786	1155	1084	1154	1149	
772	834	776	835	1144	1093	1130	1107	
756	787	813	791	1122	1122	1154	1126	
760	782	795	832	1155	1111	1116	1085	
776	817	817	764	1107	1146	1142	1086	
794	774	769	826	1091	1138	1108	1131	
799	807	776	826	1154	1087	1115	1150	
827	825	766	805	1159	1084	1099	1157	
774	778	817	760	1108	1101	1125	1094	
816	773	833	771	1142	1163	1117	1158	
791	821	820	773	1124	1120	1129	1105	
821	813	810	772	1119	1150	1125	1092	
783	767	802	832	1151	1140	1152	1115	
795	803	774	784	1130	1120	1127	1153	
783	810	756	831	1148	1153	1089	1085	
774	771	803	805	1123	1096	1093	1121	
811	794	804	761	1142	1107	1092	1151	
760	828	810	828	1100	1134	1118	1084	
761	801	825	768	1128	1104	1122	1160	
789	795	760	760	1149	1105	1098	1109	
823	811	799	779	1132	1137	1152	1090	
786	766	832	789	1093	1156	1105	1086	
831	761	806	826	1107	1117	1143	1092	
819	796	786	770	1116	1157	1141	1084	
817	758	771	828	1149	1133	1118	1096	
816	825	759	802	1094	1130	1151	1126	
801	788	814	763	1123	1112	1160	1158	
833	799	762	790	1098	1102	1158	1088	
759	759	833	822	1116	1086	1100	1149	
812	778	784	780	1126	1144	1114	1130	
760	767	766	809	1096	1112	1138	1152	
829	782	768	775	1138	1095	1113	1128	
833	781	791	826	1105	1133	1141	1139	
825	761	821	830	1139	1140	1088	1114	
782	825	765	777	1117	1091	1099	1106	
813	760	799	771	1138	1097	1153	1144	
829	783	790	780	1096	1138	1124	1094	
783	762	782	760	1146	1156	1111	1084	
827	826	776	822	1111	1103	1133	1162	
813	830	816	762	1111	1142	1113	1086	
823	789	764	772	1116	1161	1099	1084	
829	781	811	768	1127	1138	1145	1161	
779	774	811	772	1096	1118	1126	1085	
801	835	794	778	1128	1098	1155	1119	
787	765	785	832	1139	1091	1099	1145	
831	822	777	784	1127	1136	1086	1100	
807	834	831	796	1141	1151	1096	1098	
778	796	823	821	1088	1157	1144	1120	
760	793	794	800	1086	1143	1159	1107	
825	816	769	775	1096	1147	1157	1084	
775	767	828	833	1095	1162	1095	1159	
781	834	824	786	1155	1106	1135	1098	
824	817	795	795	1110	1118	1139	1139	
756	788	833	780	1090	1123	1100	1153	
768	771	830	823	1154	1158	1112	1156	
776	767	797	836	1119	1130	1153	1128	
801	793	806	772	1087	1145	1124	1157	
792	800	761	834	1096	1154	1116	1084	
763	771	825	766	1131	1157	1126	1128	
767	804	825	832	1093	1159	1160	1098	
827	773	836	799	1101	1133	1102	1131	
788	775	831	796	1151	1147	1145	1104	
778	774	807	799	1101	1159	1151	1147	
790	764	834	835	1140	1120	1142	1085	
780	836	773	817	1107	1088	1144	1159	
798	769	834	831	1118	1098	1163	1095	
791	774	814	824	1119	1107	1091	1158	
794	758	828	817	1145	1089	1129	1084	
766	793	814	825	1085	1144	1130	1091	
831	758	825	833	1115	1125	1159	1089	
799	815	789	828	1118	1094	1152	1161	
828	804	771	819	1150	1103	1102	1113	
807	809	825	785	1109	1122	1112	1087	
800	817	820	798	1091	1094	1153	1147	
758	797	801	780	1129	1132	1160	1087	
759	832	796	827	1150	1155	1105	1092	
815	794	776	771	1113	1105	1090	1142	
772	790	829	826	1134	1086	1126	1144	
788	767	823	763	1126	1104	1137	1157	
808	809	761	823	1117	1086	1160	1096	
763	780	834	832	1157	1107	1087	1089	
808	790	769	792	1132	1112	1148	1124	
775	756	827	821	1134	1159	1158	1090	
830	790	803	757	1110	1133	1101	1155	
775	762	782	814	1153	1115	1088	1133	
785	771	792	803	1113	1141	1100	1112	
782	774	819	789	1086	1152	1148	1148	
827	830	793	764	1095	1127	1160	1095	
827	776	765	783	1107	1140	1116	1096	
831	807	822	827	1135	1086	1110	1106	
773	809	801	759	1110	1124	1145	1136	
821	762	798	798	1142	1163	1122	1097	
774	786	777	813	1139	1120	1102	1091	
778	791	785	835	1086	1125	1084	1153	
797	809	778	833	1159	1097	1116	1087	
786	782	757	807	1127	1139	1107	1129	
836	792	765	769	1117	1143	1130	1096	
782	829	815	766	1115	1125	1091	1118	
808	787	828	757	1161	1138	1087	1127	
794	775	820	832	1126	1093	1092	1118	
830	767	829	813	1117	1155	1100	1117	
769	763	810	757	1113	1124	1105	1086	
824	807	780	758	1138	1088	1158	1094	
764	815	765	832	1144	1141	1142	1122	
790	797	813	759	1133	1146	1126	1087	
782	776	822	792	1155	1115	1114	1163	
832	789	759	834	1088	1140	1124	1101	
808	794	758	767	1158	1159	1087	1161	
762	786	824	826	1094	1154	1156	1125	
777	773	790	835	1159	1100	1089	1143	
781	818	778	823	1151	1145	1085	1096	
827	819	807	790	1114	1142	1152	1090	
777	819	832	769	1150	1142	1089	1144	
819	813	769	762	1099	1138	1113	1088	
766	805	821	775	1109	1139	1144	1090	
792	778	822	795	1142	1100	1089	1105	
766	815	764	836	1158	1154	1116	1144	
781	775	829	771	1142	1102	1163	1149	
828	761	756	812	1109	1146	1085	1109	
800	787	763	826	1148	1151	1111	1089	
833	798	779	757	1108	1104	1145	1132	
776	818	823	826	1131	1136	1136	1094	
776	821	833	765	1126	1145	1101	1152	
822	836	770	770	1132	1126	1108	1144	
808	764	767	821	1124	1144	1163	1135	
829	807	780	760	1122	1127	1122	1161	
836	832	759	815	1093	1109	1118	1162	
816	829	819	808	1142	1092	1096	1117	
808	784	815	833	1150	1114	1159	1108	
806	816	781	830	1095	1115	1155	1094	
802	809	762	835	1135	1115	1090	1101	
775	836	761	812	1090	1124	1153	1093	
757	775	819	788	1147	1100	1094	1138	
825	806	759	804	1137	1127	1087	1140	
791	784	834	821	1158	1143	1088	1160	
828	812	787	803	1125	1145	1092	1159	
805	804	811	803	1155	1160	1094	1127	
763	762	786	807	1146	1117	1096	1163	
829	765	822	779	1118	1161	1137	1124	
783	811	793	832	1129	1136	1144	1159	
794	758	759	798	1133	1133	1104	1116	
757	767	807	808	1089	1144	1157	1115	
827	780	787	833	1146	1114	1135	1117	
782	770	764	833	1096	1157	1155	1146	
771	758	808	828	1147	1117	1110	1093	
795	793	825	788	1084	1160	1106	1145	
789	764	812	762	1108	1111	1109	1134	
784	793	787	810	1108	1162	1102	1127	
812	798	822	756	1118	1090	1135	1155	
823	791	815	771	1130	1148	1148	1149	
815	825	816	818	1143	1108	1090	1142	
810	820	769	771	1152	1125	1088	1134	
818	823	833	789	1160	1155	1111	1105	
830	782	760	783	1149	1144	1089	1093	
784	761	819	775	1140	1135	1142	1084	
771	835	788	776	1159	1152	1093	1105	
775	776	770	829	1100	1155	1137	1162	
783	791	832	835	1085	1092	1107	1144	
826	759	799	765	1090	1128	1142	1092	
764	816	813	789	1089	1109	1162	1090	
825	762	807	762	1139	1140	1133	1115	
769	776	756	807	1127	1086	1137	1102	
778	795	784	804	1089	1142	1097	1116	
790	829	835	824	1145	1132	1152	1089	
794	762	789	764	1152	1093	1089	1120	
832	832	780	833	1139	1123	1154	1101	
764	804	818	765	1158	1160	1089	1146	
758	804	812	777	1087	1092	1140	1084	
815	829	775	761	1118	1134	1091	1159	
787	800	786	823	1137	1113	1106	1156	
757	809	824	762	1144	1117	1113	1122	
807	826	775	778	1159	1111	1136	1111	
772	767	789	761	1137	1133	1120	1105	
819	817	821	772	1118	1142	1128	1095	
834	810	807	756	1158	1086	1144	1110	
775	819	811	765	1143	1149	1135	1146	
831	761	757	835	1138	1104	1098	1150	
827	794	759	829	1096	1126	1098	1111	
800	792	804	760	1155	1157	1145	1084	
777	756	807	830	1129	1162	1126	1090	
761	820	768	818	1122	1136	1162	1085	
795	798	823	817	1136	1147	1085	1155	
761	761	813	836	1128	1095	1098	1163	
765	824	824	773	1111	1147	1094	1150	
794	826	756	785	1107	1162	1127	1154	
787	762	779	783	1089	1125	1161	1162	
774	834	782	817	1114	1145	1114	1141	
771	784	834	821	1122	1097	1155	1108	
774	775	769	810	1157	1114	1117	1117	
797	780	829	762	1144	1107	1084	1104	
765	772	813	832	1114	1151	1123	1138	
775	824	836	835	1116	1137	1147	1098	
810	770	823	803	1127	1136	1158	1161	
767	802	799	793	1092	1115	1146	1148	
772	807	825	761	1136	1097	1158	1106	
805	817	762	793	1159	1158	1100	1091	
770	819	758	816	1153	1096	1145	1113	
765	806	830	760	1121	1090	1113	1145	
774	781	772	810	1132	1093	1147	1114	
791	828	835	767	1124	1088	1146	1144	
783	822	766	813	1099	1130	1086	1138	
830	832	771	765	1085	1147	1115	1163	
772	760	818	778	1125	1135	1091	1100	
791	809	770	816	1121	1092	1138	1152	
811	807	796	765	1135	1121	1128	1090	
803	808	763	766	1132	1136	1124	1151	
829	757	756	828	1084	1087	1155	1150	
799	782	829	793	1129	1109	1095	1161	
792	835	762	799	1095	1144	1143	1088	
757	759	780	814	1114	1106	1159	1105	
760	812	817	817	1157	1108	1123	1144	
787	790	798	832	1138	1134	1144	1091	
795	779	808	790	1121	1124	1128	1122	
781	768	823	822	1086	1110	1098	1154	
808	786	781	772	1094	1129	1155	1111	
800	831	813	774	1125	1153	1121	1127	
832	760	833	765	1132	1124	1087	1161	
775	762	771	832	1112	1126	1108	1146	
824	756	830	806	1134	1132	1087	1132	
797	804	816	781	1131	1148	1098	1156	
825	811	758	806	1102	1113	1093	1132	
779	761	771	765	1159	1092	1096	1104	
769	784	820	824	1139	1125	1097	1146	
783	759	835	780	1141	1086	1096	1146	
813	832	830	804	1144	1126	1103	1126	
776	835	831	787	1089	1112	1084	1152	
810	759	769	815	1134	1096	1112	1114	
827	774	773	788	1144	1163	1099	1158	
826	785	825	770	1117	1136	1085	1132	
762	796	836	777	1085	1140	1088	1159	
832	757	798	799	1113	1149	1096	1102	
774	778	835	821	1084	1153	1130	1146	
777	819	772	759	1092	1162	1143	1112	
795	832	788	791	1161	1153	1098	1095	
811	829	763	808	1153	1116	1111	1153	
787	779	821	814	1138	1153	1137	1109	
797	802	806	766	1151	1086	1111	1141	
771	824	815	769	1137	1096	1112	1144	
836	792	784	783	1103	1144	1163	1154	
827	799	782	821	1161	1101	1116	1117	
765	802	809	825	1154	1093	1106	1098	
805	769	780	816	1137	1162	1085	1129	
767	826	832	771	1130	1095	1084	1130	
813	814	763	768	1103	1103	1092	1115	
802	830	835	777	1096	1091	1156	1090	
775	804	768	797	1133	1155	1087	1096	
786	819	773	835	1161	1098	1134	1151	
826	762	831	787	1119	1101	1138	1153	
779	798	799	813	1144	1096	1119	1088	
816	768	756	778	1116	1108	1139	1105	
834	761	766	799	1142	1118	1157	1144	
786	779	809	764	1126	1130	1104	1084	
821	820	770	775	1101	1098	1119	1097	
802	835	793	761	1109	1109	1112	1152	
777	814	835	824	1090	1108	1156	1130	
757	782	805	801	1094	1116	1105	1161	
789	762	763	769	1105	1087	1160	1147	
770	833	826	767	1090	1095	1107	1138	
814	798	831	762	1102	1161	1098	1123	
789	762	791	824	1103	1131	1143	1085	
762	782	816	770	1089	1097	1152	1102	
764	780	810	830	1100	1108	1140	1085	
835	825	787	765	1100	1096	1089	1161	
804	794	790	756	1129	1125	1125	1157	
782	836	834	800	1122	1096	1153	1133	
759	834	794	817	1094	1111	1122	1136	
773	782	781	788	1143	1084	1116	1122	
778	762	823	820	1098	1157	1090	1155	
789	780	812	823	1111	1115	1103	1132	
816	766	800	796	1144	1098	1143	1095	
815	771	821	761	1097	1160	1146	1091	
777	768	819	787	1091	1118	1147	1163	
802	805	814	827	1163	1134	1086	1084	
771	819	814	773	1124	1099	1116	1157	
778	801	827	764	1151	1120	1154	1095	
797	807	804	809	1153	1157	1098	1117	
760	800	786	816	1104	1153	1091	1159	
774	808	762	787	1163	1138	1156	1131	
829	768	799	766	1105	1161	1107	1159	
756	826	772	802	1135	1102	1162	1108	
793	831	796	779	1139	1163	1103	1110	
771	824	776	830	1122	1108	1142	1159	
812	824	771	769	1113	1136	1122	1123	
772	834	835	825	1153	1087	1156	1160	
772	828	769	769	1149	1097	1152	1084	
804	763	807	821	1126	1089	1148	1161	
785	810	767	796	1122	1086	1117	1157	
822	756	761	796	1145	1145	1121	1104	
766	814	825	806	1124	1140	1144	1092	
794	778	784	805	1104	1116	1112	1152	
833	834	783	777	1123	1139	1126	1089	
788	774	814	786	1126	1147	1126	1129	
780	798	824	828	1096	1141	1111	1131	
789	782	764	836	1108	1125	1085	1140	
814	759	779	779	1138	1145	1095	1142	
760	778	833	788	1158	1128	1084	1115	
789	762	834	758	1156	1116	1095	1108	
761	798	788	810	1107	1128	1133	1097	
785	779	774	791	1162	1112	1141	1088	
795	780	833	776	1140	1148	1091	1113	
789	816	790	778	1088	1097	1156	1132	
814	834	767	768	1155	1110	1088	1152	
798	793	787	823	1117	1115	1124	1129	
765	818	774	794	1160	1105	1089	1147	
798	756	771	785	1123	1087	1134	1106	
761	765	822	830	1122	1132	1124	1156	
828	764	819	771	1097	1155	1087	1149	
820	821	768	802	1127	1125	1089	1158	
778	802	762	818	1124	1137	1099	1086	
807	796	798	757	1158	1108	1092	1109	
783	811	799	759	1163	1148	1114	1127	
814	804	781	762	1106	1100	1132	1138	
768	759	785	758	1093	1162	1098	1118	
806	828	783	757	1129	1087	1112	1154	
809	819	779	798	1161	1102	1125	1111	
820	821	813	761	1130	1124	1146	1141	
812	826	823	766	1138	1093	1106	1086	
768	823	827	835	1137	1162	1102	1159	
828	769	810	784	1137	1100	1128	1103	
807	765	827	799	1124	1122	1133	1142	
773	777	769	759	1086	1128	1160	1158	
834	834	763	829	1086	1114	1150	1094	
829	757	831	798	1139	1092	1140	1097	
800	793	798	765	1114	1089	1111	1087	
827	817	825	759	1091	1133	1090	1148	
774	814	774	829	1099	1153	1157	1094	
801	807	804	756	1124	1106	1104	1105	
834	777	772	830	1117	1102	1086	1138	
830	812	807	792	1131	1110	1160	1085	
783	809	822	826	1112	1146	1094	1139	
773	803	812	805	1115	1159	1131	1100	
774	802	793	809	1128	1143	1119	1149	
764	788	767	816	1152	1117	1139	1103	
767	786	758	809	1103	1113	1130	1161	
829	765	770	824	1160	1088	1159	1158	
766	796	828	788	1127	1103	1092	1147	
802	772	810	830	1124	1103	1085	1148	
798	772	813	831	1130	1087	1147	1156	
794	823	813	821	1163	1115	1104	1151	
819	784	762	776	1139	1134	1141	1141	
772	804	768	829	1161	1133	1109	1162	
761	805	803	804	1096	1096	1162	1094	
804	819	797	793	1089	1115	1161	1122	
756	768	795	828	1141	1101	1111	1131	
835	812	828	816	1150	1122	1102	1132	
770	787	801	831	1119	1131	1163	1092	
795	780	757	822	1154	1093	1111	1128	
809	785	821	757	1091	1117	1155	1159	
787	813	762	824	1152	1129	1138	1102	
825	783	802	834	1158	1148	1160	1095	
820	827	814	763	1156	1091	1086	1162	
779	793	803	820	1099	1109	1136	1111	
831	764	825	791	1131	1128	1095	1156	
819	768	781	780	1151	1102	1123	1089	
781	818	817	770	1141	1146	1138	1100	
772	765	826	801	1150	1100	1155	1163	
795	813	771	807	1143	1106	1112	1145	
822	777	766	790	1131	1148	1133	1106	
776	834	787	757	1135	1091	1119	1144	
757	801	824	776	1123	1146	1091	1146	
817	798	761	768	1162	1108	1113	1143	
822	776	798	799	1131	1143	1093	1110	
801	821	770	761	1139	1117	1118	1091	
826	801	824	767	1135	1105	1099	1126	
816	777	787	829	1148	1089	1124	1160	
830	801	812	829	1086	1090	1122	1146	
788	829	836	796	1155	1150	1149	1099	
812	829	766	758	1105	1146	1084	1157	
791	807	795	832	1142	1146	1114	1090	
823	826	795	763	1140	1143	1116	1153	
797	789	765	799	1160	1094	1101	1150	
798	788	783	833	1131	1151	1101	1087	
831	772	826	786	1086	1151	1159	1153	
832	769	776	773	1156	1125	1137	1100	
769	807	829	805	1098	1159	1129	1089	
814	758	772	770	1137	1160	1119	1108	
760	764	829	830	1099	1137	1123	1153	
763	801	801	809	1158	1103	1143	1137	
817	767	798	810	1139	1114	1103	1122	
805	824	818	770	1135	1131	1086	1155	
807	775	833	834	1092	1106	1127	1123	
789	778	817	758	1155	1126	1105	1099	
781	761	803	792	1129	1130	1149	1105	
805	823	779	758	1104	1106	1148	1147	
825	803	781	776	1117	1163	1159	1109	
822	762	835	834	1124	1123	1088	1146	
824	826	766	783	1100	1154	1132	1131	
819	805	786	759	1098	1119	1121	1134	
822	805	782	825	1128	1114	1162	1111	
775	787	822	814	1103	1154	1117	1088	
791	835	818	786	1155	1102	1133	1156	
761	800	827	792	1155	1105	1151	1084	
829	779	800	831	1157	1159	1087	1097	
811	812	757	770	1148	1157	1163	1124	
835	781	814	765	1098	1147	1108	1138	
801	772	790	757	1102	1156	1090	1086	
800	810	819	784	1084	1156	1152	1145	
801	831	808	832	1144	1090	1123	1119	
788	783	773	835	1153	1148	1085	1100	
797	822	824	803	1122	1116	1131	1111	
813	766	799	795	1140	1091	1148	1094	
796	775	833	795	1091	1100	1132	1092	
801	828	760	835	1095	1105	1136	1157	
824	756	827	761	1138	1158	1099	1139	
814	807	783	785	1163	1159	1156	1113	
795	817	764	815	1146	1089	1090	1154	
798	798	814	830	1108	1096	1155	1149	
810	769	830	760	1096	1122	1089	1110	
762	786	783	833	1144	1105	1100	1095	
820	782	798	762	1089	1157	1107	1146	
835	781	827	826	1128	1124	1106	1149	
828	826	823	760	1156	1112	1104	1160	
834	766	808	829	1152	1160	1157	1095	
781	787	826	794	1133	1084	1160	1116	
804	827	828	773	1096	1086	1098	1136	
809	768	830	809	1087	1116	1095	1160	
772	836	787	792	1141	1163	1094	1139	
757	785	836	802	1093	1151	1148	1114	
827	830	801	771	1141	1123	1141	1111	
834	811	821	773	1138	1128	1094	1086	
764	773	834	834	1135	1110	1127	1092	
772	768	817	832	1145	1153	1096	1155	
836	766	790	829	1140	1085	1134	1087	
764	794	809	818	1113	1145	1151	1087	
812	825	795	759	1086	1113	1160	1149	
830	828	787	761	1118	1120	1140	1157	
805	757	793	834	1117	1146	1123	1086	
803	786	830	802	1106	1129	1098	1157	
782	815	779	794	1139	1088	1088	1131	
785	788	784	811	1120	1123	1107	1160	
807	756	811	777	1086	1085	1107	1143	
765	802	788	762	1150	1146	1095	1146	
776	829	830	768	1090	1153	1129	1102	
824	831	766	784	1118	1129	1148	1093	
804	817	800	779	1129	1123	1137	1085	
808	820	787	806	1155	1123	1087	1128	
756	821	836	772	1144	1146	1159	1101	
779	757	807	783	1137	1160	1095	1100	
782	763	813	805	1092	1122	1096	1142	
757	772	792	809	1112	1153	1114	1085	
826	778	817	794	1106	1155	1147	1093	
823	790	764	758	1091	1155	1148	1137	
779	813	769	756	1095	1131	1152	1086	
798	756	757	825	1120	1099	1115	1161	
763	813	786	787	1118	1138	1129	1109	
823	805	801	790	1115	1094	1112	1140	
758	826	779	779	1131	1136	1094	1148	
813	763	756	788	1144	1142	1088	1097	
795	803	778	787	1135	1144	1131	1123	
816	827	824	758	1084	1122	1145	1131	
813	829	781	778	1121	1129	1098	1093	
772	831	795	761	1139	1107	1143	1154	
820	809	781	780	1137	1153	1148	1088	
774	809	834	766	1086	1111	1151	1142	
792	765	804	759	1143	1087	1098	1131	
828	758	768	785	1138	1128	1114	1128	
779	782	826	769	1086	1116	1143	1160	
792	818	772	831	1112	1155	1092	1145	
804	829	810	826	1117	1092	1143	1150	
786	834	767	801	1154	1093	1116	1125	
779	816	774	768	1157	1106	1153	1100	
770	769	764	821	1133	1135	1094	1091	
756	835	761	804	1114	1145	1159	1095	
762	821	790	774	1108	1090	1093	1155	
793	796	775	823	1127	1121	1097	1088	
787	809	756	811	1126	1131	1114	1106	
762	808	775	830	1088	1139	1138	1088	
827	821	783	825	1143	1159	1162	1100	
774	818	767	782	1138	1123	1161	1148	
770	765	810	814	1107	1092	1136	1153	
775	757	759	793	1145	1115	1111	1115	
787	766	833	806	1108	1133	1140	1102	
802	778	768	807	1101	1156	1122	1096	
826	834	771	794	1112	1142	1151	1090	
787	815	777	792	1147	1107	1127	1139	
830	776	790	776	1119	1093	1116	1105	
825	761	818	813	1105	1110	1162	1145	
821	761	772	824	1106	1142	1163	1091	
812	763	836	823	1141	1108	1108	1102	
835	822	821	773	1132	1097	1115	1147	
805	809	784	759	1112	1086	1098	1162	
812	786	824	783	1156	1130	1144	1092	
790	828	790	773	1099	1143	1100	1129	
792	809	785	776	1156	1138	1113	1143	
