L1	L2	L3	L4	R1	R2	R3	R4	
610	436	516	672	537	664	585	447	
598	533	473	419	419	537	447	506	
668	431	482	484	463	601	550	664	
639	473	408	526	468	666	491	575	
446	594	499	654	433	607	518	555	
575	521	656	477	521	630	587	435	
636	670	485	579	668	409	464	559	
531	457	583	660	412	593	556	651	
558	462	464	624	570	669	527	470	
640	520	460	425	443	530	664	603	
628	461	573	533	488	545	656	411	
589	522	425	557	572	420	498	539	
651	550	490	609	512	436	648	515	
598	470	425	548	607	512	609	438	
492	599	543	463	487	411	664	580	
592	415	472	516	456	599	657	514	
475	604	525	657	471	662	548	637	
451	410	632	570	449	505	572	607	
639	508	507	579	496	670	409	473	
649	498	408	464	472	519	660	582	
457	628	550	666	549	645	420	474	
497	512	408	645	494	416	615	555	
411	539	515	443	516	565	657	456	
664	455	605	445	636	460	648	541	
653	430	549	656	430	532	649	591	
642	577	434	413	450	515	558	594	
628	569	534	460	520	468	651	451	
592	413	444	540	633	531	617	447	
581	431	524	672	455	647	526	419	
453	645	560	507	648	454	516	562	
598	413	640	505	606	628	474	434	
540	622	476	475	474	429	559	534	
428	554	637	493	601	531	605	435	
535	529	476	592	586	497	655	518	
444	448	506	556	667	443	561	511	
457	457	575	620	477	622	532	527	
506	620	450	555	581	408	619	540	
449	515	580	653	482	539	461	614	
417	520	444	600	594	584	427	647	
476	662	413	640	487	421	645	570	
523	640	480	413	456	523	599	653	
666	575	502	421	527	648	598	670	
508	672	453	576	595	414	567	504	
596	439	653	492	510	442	613	565	
496	574	412	660	439	672	597	533	
432	485	577	507	452	528	631	591	
515	639	461	580	589	624	468	501	
600	528	418	505	443	604	659	509	
552	464	664	649	595	626	451	518	
476	668	591	553	623	615	429	547	
551	466	603	653	672	514	407	582	
450	595	544	409	627	578	442	546	
522	593	436	669	575	636	490	440	
654	628	547	459	519	415	527	662	
607	662	492	444	478	607	419	576	
451	644	483	579	632	493	516	570	
581	443	506	528	606	531	440	655	
569	442	672	621	576	430	507	668	
542	632	447	419	575	439	491	608	
603	488	441	667	550	637	649	419	
481	549	602	650	496	494	612	553	
642	569	502	454	532	430	563	487	
558	520	629	439	429	588	620	664	
637	544	414	575	560	506	454	664	
619	532	431	594	660	522	480	569	
484	463	626	588	443	512	667	603	
665	623	495	409	587	427	489	647	
575	657	497	432	494	431	598	620	
528	581	448	459	493	602	410	545	
433	525	607	633	445	623	564	664	
496	619	528	672	578	659	537	430	
479	569	420	618	548	425	622	600	
417	551	508	613	457	626	562	417	
557	460	665	585	442	563	614	550	
645	577	468	420	596	428	479	563	
574	493	417	457	436	615	656	547	
569	483	634	516	562	454	512	653	
613	544	455	494	468	622	419	542	
588	432	614	513	451	514	533	609	
460	586	659	422	665	484	438	601	
665	469	440	529	630	508	583	475	
461	532	478	594	558	431	485	635	
571	502	594	470	533	477	558	667	
488	563	601	429	618	530	565	443	
481	639	551	470	575	419	493	640	
659	410	505	647	598	546	413	469	
414	612	482	546	435	482	658	595	
566	494	516	647	434	598	537	657	
551	437	637	484	426	538	486	656	
603	420	515	509	449	622	507	552	
617	638	509	458	412	652	416	537	
596	447	596	657	651	461	515	582	
551	495	607	414	572	511	671	410	
445	414	490	574	486	439	567	634	
458	593	655	513	516	480	586	667	
590	667	407	478	438	575	637	526	
505	667	500	608	515	463	519	623	
461	596	498	413	602	435	464	492	
514	590	418	640	644	443	513	588	
581	430	479	636	443	632	524	601	
668	540	632	432	663	609	424	501	
672	552	448	612	569	476	610	415	
408	652	482	596	604	435	416	571	
649	439	599	569	650	571	497	443	
625	477	671	539	492	630	518	579	
652	548	425	447	449	502	593	429	
587	437	660	489	543	601	450	672	
561	513	449	668	649	580	485	671	
455	632	532	560	528	538	475	665	
438	650	460	533	581	437	527	531	
576	410	507	491	420	649	590	434	
580	482	617	663	671	467	599	521	
658	607	414	510	555	488	648	434	
425	618	494	536	424	613	545	663	
515	419	606	630	408	499	584	667	
627	563	431	562	660	454	580	558	
451	657	585	657	534	627	452	459	
409	433	648	588	508	581	670	427	
469	643	590	480	503	661	573	426	
491	498	634	431	603	662	518	431	
459	567	506	616	578	426	640	496	
467	548	500	669	466	599	650	434	
459	622	529	481	585	432	531	630	
506	465	548	442	435	651	546	577	
415	499	585	454	604	470	420	656	
458	573	507	671	612	421	531	492	
666	420	598	473	568	637	647	548	
515	621	647	536	461	569	641	509	
513	629	431	538	430	567	489	597	
495	416	621	555	497	432	672	618	
544	476	422	667	482	589	413	620	
576	644	587	419	643	456	502	567	
512	618	564	663	509	581	660	635	
557	585	670	440	668	467	419	585	
512	412	611	541	588	506	628	458	
597	447	488	644	596	649	495	504	
445	621	665	548	514	429	650	586	
506	584	657	411	425	638	602	541	
529	638	475	605	514	634	427	589	
663	414	574	496	557	644	495	571	
527	637	463	575	664	458	596	497	
532	651	603	475	501	626	532	438	
604	424	539	657	450	584	533	480	
430	613	500	486	583	523	436	669	
608	493	533	640	662	466	522	454	
602	538	473	454	640	562	462	408	
507	610	637	408	627	514	585	429	
412	468	531	582	627	459	570	512	
553	424	500	648	433	526	590	654	
445	646	582	495	431	607	662	536	
530	641	441	480	562	603	650	425	
494	669	558	410	541	476	606	595	
433	547	597	619	657	430	539	423	
599	446	662	520	591	510	655	454	
498	556	430	597	625	592	451	525	
556	468	659	638	576	644	450	516	
421	489	626	571	544	622	408	482	
485	432	548	584	532	606	493	416	
615	536	432	508	611	527	425	579	
413	642	556	417	476	410	574	657	
652	471	502	603	504	637	573	429	
606	412	460	538	615	550	493	487	
654	531	422	485	417	471	624	643	
651	423	487	500	618	491	489	599	
578	503	646	427	448	539	492	623	
419	493	547	648	496	665	524	439	
573	444	508	561	476	532	628	416	
526	412	617	646	464	570	605	655	
641	525	464	411	421	544	622	637	
436	636	548	466	647	498	588	411	
467	538	672	630	463	560	520	641	
436	470	558	537	583	512	661	474	
581	553	630	409	646	409	567	533	
436	625	480	514	592	449	522	453	
598	412	503	655	512	487	608	408	
511	633	612	530	653	559	429	502	
522	417	621	470	652	588	519	415	
544	651	472	604	620	476	480	529	
542	626	429	664	618	440	536	582	
413	450	607	523	409	493	564	672	
429	564	517	603	534	420	439	603	
563	668	527	422	670	461	657	531	
494	426	499	652	547	628	457	525	
570	518	436	617	590	505	658	427	
463	670	589	524	618	407	558	447	
538	421	599	672	584	648	432	481	
540	643	458	582	621	526	586	437	
634	502	593	438	663	494	412	592	
419	577	650	422	570	490	617	429	
566	621	505	446	555	653	446	653	
641	498	594	551	433	629	576	561	
561	501	605	449	667	431	445	569	
451	568	513	658	642	548	659	429	
575	501	618	445	513	530	646	451	
417	543	501	477	631	494	544	408	
554	488	646	602	410	489	603	491	
487	591	420	555	572	592	464	539	
476	646	587	634	564	490	645	418	
605	471	523	561	460	573	515	634	
490	441	585	522	554	443	490	618	
545	444	638	589	493	659	564	623	
629	433	509	578	447	545	634	483	
572	454	671	533	412	596	576	671	
441	471	535	589	622	534	434	473	
508	642	576	517	573	638	419	453	
595	463	643	435	480	551	607	439	
436	587	510	669	585	450	515	637	
417	592	433	659	654	530	475	579	
540	480	629	612	586	535	461	643	
623	552	425	482	653	470	541	599	
497	525	596	463	419	598	631	466	
445	572	555	425	519	412	664	598	
598	435	537	488	535	648	451	599	
418	527	617	495	583	659	581	456	
672	613	467	519	445	622	504	665	
415	646	575	462	480	548	650	596	
516	586	482	641	525	455	653	496	
483	657	661	439	642	543	576	465	
537	607	497	440	564	632	466	600	
655	652	415	570	595	542	407	647	
408	522	639	651	585	427	530	632	
537	645	469	664	483	658	540	419	
626	420	502	583	582	434	672	660	
497	438	548	612	599	440	489	545	
516	606	669	413	506	583	632	637	
473	600	550	650	562	499	647	415	
544	495	587	477	508	420	488	609	
655	513	604	408	554	447	607	415	
507	598	413	669	629	417	565	540	
519	452	627	592	471	662	412	531	
599	645	415	467	464	610	483	608	
670	440	502	616	575	447	425	629	
519	420	467	549	474	660	489	429	
471	661	423	523	466	664	486	559	
501	655	593	514	550	478	625	594	
486	602	650	568	451	592	467	635	
651	532	457	407	505	432	603	547	
511	445	662	610	488	421	569	507	
539	496	449	632	418	586	514	642	
639	457	668	546	540	613	448	587	
441	526	615	643	589	639	457	514	
483	653	559	595	471	578	517	650	
611	450	559	447	604	473	585	461	
473	520	595	458	488	657	591	444	
614	528	448	561	541	596	499	644	
456	657	597	518	462	592	517	423	
586	526	461	644	643	493	531	465	
465	522	579	446	664	497	613	550	
503	587	640	459	506	430	581	664	
455	537	620	492	509	601	568	438	
668	504	417	578	622	532	477	432	
510	640	429	565	633	550	437	538	
562	469	605	519	489	651	581	438	
432	663	580	464	649	565	408	566	
419	580	466	619	528	602	426	410	
570	430	663	504	540	441	640	462	
495	634	596	575	669	643	433	591	
568	430	497	636	496	531	622	583	
539	436	668	545	427	480	633	587	
516	417	671	603	493	521	593	416	
583	446	534	505	579	488	429	625	
486	590	430	661	484	638	567	656	
544	616	490	666	666	560	650	438	
418	661	605	485	540	659	408	588	
454	450	666	599	436	662	512	584	
496	610	448	560	641	423	501	434	
529	650	461	412	636	568	433	652	
599	468	547	409	506	411	610	564	
654	417	516	562	602	510	461	664	
523	631	534	412	442	616	596	478	
492	447	545	607	567	520	646	459	
574	638	488	466	622	455	671	529	
586	616	437	502	520	644	408	604	
517	538	601	667	659	506	565	434	
462	671	534	589	412	521	625	671	
646	485	530	435	563	657	432	554	
655	497	561	652	436	466	653	512	
610	458	414	529	494	553	413	659	
538	606	448	515	484	510	429	658	
620	516	531	450	435	624	561	653	
641	530	448	587	481	614	569	408	
560	663	561	448	429	563	648	457	
642	477	582	431	583	657	507	416	
482	642	537	420	420	534	636	501	
500	647	546	580	450	646	568	506	
469	640	550	425	550	429	642	563	
591	512	446	656	497	591	642	414	
624	549	481	440	526	465	464	598	
420	577	472	511	487	407	654	566	
599	472	456	636	482	669	489	623	
552	415	643	542	524	484	633	418	
579	658	443	413	578	424	420	618	
623	502	429	562	422	565	664	503	
546	644	587	509	597	564	651	638	
581	540	453	635	620	467	452	539	
584	670	530	429	629	522	452	631	
619	494	612	564	464	644	521	408	
455	653	436	603	527	664	608	440	
654	590	508	438	668	543	456	507	
632	432	516	475	463	601	548	440	
672	511	481	607	433	509	584	476	
519	650	407	662	628	474	521	547	
568	513	422	650	592	478	617	561	
580	439	530	626	554	425	488	646	
626	581	421	485	614	518	456	554	
545	664	612	444	644	492	591	459	
573	548	493	657	639	622	463	557	
602	514	413	659	429	475	672	494	
414	632	560	473	468	639	567	411	
576	485	640	629	652	466	604	524	
471	614	663	407	461	540	486	653	
528	439	597	627	426	621	498	557	
516	410	671	617	578	540	647	504	
476	503	423	629	423	548	660	490	
435	669	571	521	594	540	665	496	
552	407	630	464	529	651	596	427	
472	459	633	569	451	662	672	591	
516	627	418	581	610	439	529	662	
451	584	509	631	423	615	494	562	
579	472	490	433	589	665	459	539	
572	656	534	624	429	584	496	651	
510	609	421	666	498	658	458	427	
593	643	463	539	563	651	606	440	
611	487	419	541	609	485	549	427	
554	601	470	539	443	585	649	545	
437	659	548	577	443	543	456	502	
546	409	487	638	411	543	648	465	
466	663	558	507	425	591	605	409	
435	508	645	581	581	479	638	517	
622	570	516	413	408	590	538	467	
553	478	642	626	633	528	471	585	
621	654	411	534	459	659	528	511	
601	542	556	437	657	437	458	551	
653	539	463	572	657	407	434	598	
554	430	499	631	441	583	659	506	
538	426	467	660	491	528	606	421	
631	463	609	543	643	428	519	597	
412	492	551	667	546	649	437	652	
588	419	486	554	544	661	568	594	
417	492	535	601	619	411	536	604	
485	616	416	568	425	600	507	662	
455	532	584	407	669	409	646	545	
583	429	648	516	589	473	669	407	
471	666	416	582	502	613	570	474	
668	444	621	670	665	605	526	479	
670	454	539	579	553	460	431	641	
584	462	654	627	481	615	645	525	
526	638	647	578	561	619	429	672	
419	563	466	626	648	462	664	576	
568	503	427	625	416	632	547	470	
414	610	407	663	509	647	594	440	
427	626	567	638	539	412	634	464	
488	536	629	672	623	440	619	560	
622	528	475	664	521	658	592	457	
440	487	582	632	496	413	621	552	
634	551	528	457	645	474	612	409	
518	629	463	411	634	425	539	598	
556	528	452	649	597	519	476	669	
490	616	564	659	438	575	446	646	
667	638	566	449	501	642	588	419	
519	658	576	485	593	407	588	492	
609	555	465	671	574	444	523	664	
665	527	423	589	576	471	408	635	
444	559	498	649	650	429	523	594	
498	448	572	662	495	654	435	438	
614	409	502	553	441	594	531	647	
418	489	562	643	565	615	512	654	
494	421	656	475	520	440	656	526	
459	663	672	526	430	486	560	629	
651	424	582	510	657	566	407	561	
596	546	492	450	481	646	419	591	
596	445	555	408	611	494	559	507	
425	452	575	546	465	554	654	488	
421	468	565	661	665	436	545	503	
433	553	661	612	481	547	668	604	
668	480	420	559	432	557	612	556	
600	474	638	529	473	529	589	656	
442	510	631	577	438	471	581	594	
513	458	533	642	551	431	627	591	
657	455	570	563	590	537	423	490	
445	533	662	590	463	534	635	620	
647	420	560	610	501	507	559	559	
450	569	502	651	591	504	531	471	
623	501	414	632	422	597	649	509	
666	522	644	476	671	615	502	450	
425	575	633	518	547	496	617	438	
652	525	449	578	663	502	583	426	
419	606	615	514	603	487	549	643	
486	527	615	557	473	580	574	634	
531	444	659	617	572	497	434	640	
606	484	411	546	537	427	665	605	
496	609	523	416	569	517	419	640	
597	514	629	447	627	475	573	526	
598	431	491	526	513	409	461	657	
466	567	412	628	542	466	611	571	
522	592	655	424	641	527	504	594	
654	613	534	591	575	479	516	667	
641	520	579	416	447	512	613	468	
442	573	424	504	534	473	557	607	
417	464	562	621	417	495	565	665	
552	509	645	441	515	445	542	566	
501	663	569	447	610	523	450	556	
505	430	578	653	604	482	515	441	
532	641	611	407	594	407	667	464	
573	515	440	489	562	480	407	583	
554	659	474	598	473	619	414	538	
619	659	505	595	591	432	572	662	
509	451	631	574	658	640	529	435	
583	478	505	647	472	643	520	581	
525	475	627	422	508	537	415	647	
408	510	643	560	499	444	606	552	
641	535	483	535	587	477	555	407	
453	414	667	506	625	581	657	421	
439	635	540	605	624	520	594	541	
622	558	413	526	667	555	613	602	
411	584	495	664	484	654	421	552	
652	600	505	434	614	553	498	662	
461	543	536	635	552	641	590	645	
414	465	563	542	477	622	548	434	
603	490	647	429	533	434	638	494	
646	524	433	578	409	639	577	479	
590	456	450	556	609	653	468	550	
486	609	562	410	658	454	585	535	
635	407	619	669	451	632	480	568	
453	494	599	547	519	655	565	447	
566	576	654	445	448	535	628	523	
441	413	634	533	548	641	448	417	
557	413	473	651	409	643	638	529	
564	422	480	518	549	485	614	433	
511	433	609	564	418	497	586	649	
496	569	477	411	468	659	564	576	
588	479	521	667	599	477	542	671	
479	647	535	619	568	540	672	426	
487	542	619	486	497	628	415	585	
497	584	415	524	657	460	590	416	
621	514	482	432	408	643	491	542	
590	444	548	612	540	613	483	419	
523	634	570	419	570	440	465	412	
617	485	564	418	463	645	624	537	
510	650	417	586	550	629	418	500	
472	636	410	450	495	561	435	537	
569	671	414	477	646	427	552	508	
459	472	647	557	563	653	499	439	
505	658	665	519	559	440	654	589	
598	551	501	660	592	647	519	448	
511	528	440	613	639	542	414	414	
636	462	510	554	426	557	605	518	
660	593	594	505	508	585	632	441	
538	424	486	669	655	508	413	429	
456	522	540	614	537	670	614	440	
657	592	457	544	461	620	526	661	
656	521	578	435	451	600	590	535	
520	503	651	417	502	571	429	643	
479	603	416	543	535	588	452	659	
450	473	581	427	613	476	663	457	
543	633	424	413	422	539	464	656	
418	535	455	647	417	601	528	654	
514	604	663	446	550	666	489	627	
623	473	416	615	630	555	424	558	
588	473	527	662	498	625	419	562	
476	627	542	584	425	572	478	644	
574	528	438	580	533	445	597	463	
644	420	550	496	555	469	420	502	
510	445	644	592	446	612	534	635	
632	471	426	562	518	476	577	647	
504	581	636	471	607	471	536	544	
561	657	434	501	602	666	464	544	
479	640	447	632	575	618	427	526	
552	622	519	410	618	587	464	523	
498	629	571	469	450	510	609	663	
664	469	433	584	478	576	416	630	
597	665	610	429	452	511	561	598	
571	660	472	422	413	554	628	473	
591	459	671	429	478	627	551	484	
585	478	426	652	437	587	593	654	
489	449	565	670	657	407	606	548	
422	476	545	634	643	557	524	433	
537	509	628	634	440	570	670	512	
552	475	416	662	608	408	659	556	
533	443	660	548	511	589	469	658	
559	473	627	657	480	653	566	592	
656	531	451	541	588	664	407	517	
622	439	498	529	455	459	666	615	
523	442	606	664	629	603	412	447	
484	412	618	661	426	536	669	625	
487	420	590	614	539	587	460	650	
635	430	527	582	485	646	558	416	
493	438	669	587	501	418	664	428	
522	619	463	576	453	505	627	665	
590	515	650	419	657	574	475	420	
594	479	459	666	473	407	616	532	
452	637	578	496	580	627	535	482	
481	647	536	577	581	624	502	430	
552	516	610	459	607	432	489	413	
593	539	589	493	636	458	515	583	
503	652	559	452	422	517	462	653	
603	441	547	644	477	613	426	581	
579	528	548	407	569	650	448	642	
539	505	421	593	623	500	580	446	
451	506	638	588	579	478	647	497	
471	524	417	616	569	658	480	408	
453	525	486	597	532	453	593	652	
481	641	586	545	411	507	529	623	
497	419	465	595	424	510	419	598	
597	467	607	487	482	617	428	606	
410	544	666	486	413	505	627	574	
636	414	541	473	516	641	432	589	
475	604	457	537	534	486	423	641	
666	535	425	467	515	439	662	576	
621	459	434	532	418	500	530	629	
578	532	452	644	491	649	430	558	
465	534	590	636	599	562	650	521	
433	596	657	529	487	548	605	656	
672	551	489	412	471	547	669	458	
415	628	547	572	456	621	669	595	
491	561	626	472	660	485	555	437	
497	587	417	527	523	638	427	647	
450	503	554	409	413	596	489	542	
430	511	670	619	603	513	661	416	
420	511	659	550	476	415	428	535	
449	497	569	622	612	525	442	554	
630	449	651	535	611	451	567	667	
548	487	631	428	539	435	414	632	
592	650	416	479	643	600	452	541	
534	577	490	633	662	435	601	582	
649	441	474	596	574	499	415	441	
437	566	445	514	476	448	581	536	
477	570	667	625	441	625	545	446	
418	618	542	465	580	471	423	667	
657	527	652	593	536	607	446	539	
633	461	542	654	427	543	470	667	
623	407	530	655	611	426	550	663	
545	598	415	485	524	442	672	605	
437	573	657	503	432	492	588	633	
626	556	564	409	435	614	548	663	
514	428	559	616	488	494	569	633	
469	443	644	552	668	627	480	418	
647	585	424	536	472	652	596	557	
619	454	407	566	618	494	421	658	
436	539	566	498	548	657	466	420	
607	481	488	553	547	418	468	581	
431	514	634	573	668	599	528	545	
610	512	471	554	460	593	528	564	
469	626	550	621	530	638	480	442	
435	623	481	578	597	496	415	529	
445	478	633	535	547	603	489	443	
648	438	583	518	529	595	636	412	
466	610	416	531	573	635	481	533	
649	492	409	539	437	510	666	570	
407	667	563	617	644	475	643	582	
585	530	447	651	534	451	594	500	
575	521	456	600	424	631	520	420	
469	659	535	437	524	445	585	597	
657	542	582	448	424	456	668	605	
464	515	671	628	550	500	620	416	
474	550	599	412	505	554	452	646	
622	517	636	530	639	562	634	465	
593	657	454	506	671	603	422	479	
501	644	415	642	649	474	532	487	
540	644	476	417	464	566	667	662	
597	462	654	464	513	568	636	407	
481	592	427	633	627	420	553	500	
488	594	645	420	485	617	467	549	
669	441	549	664	606	658	419	521	
664	564	659	480	492	642	546	440	
625	438	495	572	492	523	410	633	
663	409	584	447	546	670	598	448	
629	486	531	437	529	598	666	618	
526	473	648	577	543	644	407	489	
667	468	594	506	513	569	426	650	
534	480	607	432	642	589	410	643	
633	542	472	420	496	434	544	660	
654	584	457	513	624	577	487	437	
501	417	574	430	494	665	606	424	
625	408	458	541	639	474	611	534	
672	570	490	564	411	476	624	574	
501	516	631	552	539	425	461	652	
462	657	523	527	409	659	604	545	
590	458	628	579	558	610	656	453	
616	555	426	616	657	568	472	408	
419	526	639	667	574	635	443	630	
467	628	407	559	653	458	525	427	
485	566	618	662	624	666	550	488	
603	467	412	525	594	504	439	650	
667	424	487	593	462	672	411	541	
658	436	499	664	427	439	559	621	
442	657	615	514	631	487	592	537	
431	570	497	623	638	457	546	590	
581	502	628	464	645	521	417	445	
563	622	671	584	640	494	442	538	
510	607	438	670	577	510	653	485	
588	518	407	453	454	631	493	557	
518	612	640	500	433	557	499	610	
425	525	469	649	536	487	654	407	
432	663	554	486	614	475	430	520	
609	558	472	665	443	511	617	502	
654	541	599	451	409	554	480	619	
514	653	569	422	498	629	552	426	
518	665	442	620	667	520	617	574	
459	627	504	608	628	428	496	575	
501	436	638	442	532	461	657	598	
564	657	607	417	628	522	426	582	
608	662	452	522	575	516	622	550	
422	551	493	629	628	646	459	511	
452	504	661	551	608	522	433	642	
437	622	487	513	541	608	477	413	
573	472	423	416	517	425	666	557	
541	474	649	615	577	662	523	451	
415	567	416	510	409	634	417	563	
589	453	593	536	495	428	600	670	
520	431	447	615	413	670	420	612	
410	533	640	476	645	419	528	519	
671	475	412	535	602	503	497	425	
487	414	617	528	529	672	466	416	
456	601	636	476	517	667	448	618	
586	409	516	478	466	619	671	551	
570	622	504	431	564	492	442	653	
605	457	491	422	460	408	533	599	
623	427	576	496	609	462	511	658	
668	419	484	560	482	471	582	647	
564	620	448	551	447	666	507	564	
531	660	421	597	658	600	510	664	
460	552	665	620	500	555	625	413	
587	458	510	658	549	544	489	608	
571	450	656	566	538	433	619	417	
436	547	618	664	521	584	470	640	
672	577	471	413	608	468	575	426	
579	652	617	452	566	416	646	505	
419	608	524	657	579	663	415	554	
453	591	465	666	424	613	552	634	
569	440	469	624	630	471	412	582	
555	658	625	485	419	543	565	463	
669	556	483	588	524	411	485	649	
463	598	411	494	567	440	490	540	
514	452	636	508	445	556	651	594	
655	429	490	561	470	667	477	585	
518	465	438	659	519	587	652	442	
632	494	564	541	607	542	519	430	
437	657	552	494	505	521	659	427	
496	430	613	547	571	498	642	536	
624	546	488	672	476	540	633	410	
429	499	600	556	446	564	610	613	
587	637	415	520	579	418	626	476	
578	635	569	525	650	452	537	552	
441	651	594	464	667	527	464	476	
451	560	644	501	642	482	549	415	
541	452	549	646	501	595	410	667	
534	412	628	439	563	520	434	659	
511	654	456	566	538	475	655	417	
457	534	616	433	505	655	594	453	
559	497	660	614	608	626	491	544	
612	497	430	474	495	598	662	435	
493	641	587	409	465	656	556	582	
522	646	597	599	494	546	419	602	
463	589	518	658	558	621	449	659	
432	513	598	542	463	671	633	547	
624	621	564	483	478	586	439	525	
648	577	456	511	626	457	598	514	
428	648	407	469	480	599	421	632	
637	582	452	565	486	429	557	656	
628	584	551	427	564	612	441	514	
514	588	452	637	487	644	441	497	
511	437	417	571	566	623	457	504	
462	623	492	426	436	608	501	524	
527	636	580	451	593	541	428	670	
472	632	610	570	448	556	448	645	
600	431	655	434	656	414	465	551	
483	460	588	520	623	478	575	544	
590	443	408	668	421	511	646	593	
410	621	561	458	491	608	426	541	
441	631	531	567	621	571	408	472	
635	564	604	439	609	462	648	456	
609	471	506	568	500	620	638	416	
450	562	612	618	553	615	424	505	
611	447	506	658	500	436	672	552	
431	587	460	585	535	655	666	409	
557	634	473	502	551	660	467	417	
654	592	502	411	431	656	513	456	
620	555	560	497	523	470	603	430	
429	567	637	510	540	459	616	419	
542	641	452	588	581	420	664	543	
457	601	525	663	571	512	454	644	
497	658	506	637	535	650	587	649	
486	424	641	587	663	435	505	439	
423	556	497	599	619	555	650	517	
570	483	432	477	592	418	495	501	
546	637	483	561	583	438	529	670	
647	443	582	407	487	668	427	601	
458	517	655	570	627	511	435	566	
616	509	574	412	577	481	666	570	
462	653	589	417	446	531	481	606	
570	655	433	478	577	520	669	447	
573	576	461	446	597	538	428	429	
431	617	510	577	517	438	603	658	
458	635	594	523	414	615	642	467	
579	478	414	654	631	512	587	445	
525	654	656	585	671	596	524	444	
419	652	568	505	609	416	569	506	
666	493	451	554	505	596	436	644	
511	444	570	595	490	443	553	410	
589	428	655	520	490	574	623	418	
439	500	660	612	545	452	408	601	
563	607	454	641	427	520	597	658	
590	658	562	491	463	536	427	412	
409	630	513	531	525	462	444	607	
470	536	599	640	432	463	638	572	
566	602	649	510	529	619	457	671	
489	643	657	423	663	428	490	572	
644	414	439	550	593	485	640	456	
520	476	622	433	560	423	552	442	
464	540	434	622	491	453	619	570	
546	418	613	472	540	614	408	662	
598	659	506	434	503	557	438	589	
498	604	425	605	582	451	502	649	
485	549	642	461	617	463	521	648	
606	417	564	519	641	622	507	410	
560	605	450	529	524	612	550	450	
645	583	433	524	459	649	518	584	
620	467	569	470	629	486	594	553	
504	607	556	632	427	658	483	558	
478	564	437	410	608	483	503	414	
581	416	472	635	441	552	639	541	
475	534	597	664	435	664	549	672	
556	549	654	498	595	478	668	481	
469	539	603	408	512	424	670	548	
409	494	418	652	494	426	541	606	
625	608	544	416	508	576	441	659	
669	569	424	479	537	635	471	588	
672	561	480	415	482	658	535	592	
637	480	562	416	509	575	659	428	
499	554	607	444	568	496	473	639	
622	460	595	534	575	475	645	439	
603	413	498	555	458	652	621	423	
423	596	448	495	592	495	415	460	
643	494	570	583	475	661	583	417	
522	617	460	569	543	452	622	646	
514	603	496	428	632	463	509	408	
412	518	656	436	520	462	671	630	
464	542	642	491	495	624	554	448	
652	530	440	582	592	660	436	501	
512	623	478	574	537	601	483	427	
531	626	449	536	569	490	436	607	
663	476	558	413	638	629	502	560	
433	511	579	464	539	491	638	615	
499	660	604	552	651	569	417	509	
649	524	482	572	588	490	449	628	
459	584	640	487	549	606	463	667	
449	636	662	505	471	635	551	447	
534	594	416	651	471	607	671	427	
585	561	473	427	611	468	527	422	
496	650	458	554	587	497	654	582	
507	419	605	658	541	613	575	454	
653	605	486	413	437	515	566	427	
436	482	648	556	421	546	483	663	
650	573	423	665	536	471	649	586	
592	495	470	425	466	666	635	608	
526	615	429	618	582	467	431	501	
617	533	465	414	651	593	421	478	
603	497	569	655	588	409	649	531	
472	489	417	618	582	472	445	659	
563	633	621	487	617	506	541	422	
472	631	408	605	598	467	541	463	
672	624	586	517	449	523	667	623	
582	511	442	654	432	579	479	544	
533	417	592	652	669	558	436	460	
667	548	445	596	421	649	532	455	
525	648	625	489	530	463	608	443	
587	668	532	440	596	519	649	449	
495	549	439	607	586	660	458	528	
550	429	605	420	534	472	641	647	
635	450	584	498	497	596	640	412	
514	661	506	584	428	497	609	665	
543	428	491	653	529	661	410	550	
513	661	578	478	588	436	530	654	
490	418	627	567	617	417	522	588	
516	442	411	642	434	623	481	543	
526	580	668	468	543	616	553	427	
667	507	480	629	627	525	464	427	
552	430	618	504	638	581	497	438	
613	501	423	669	463	502	421	662	
438	664	535	601	498	541	585	418	
462	571	630	552	520	455	588	672	
428	663	561	499	580	502	416	638	
481	612	667	555	647	574	456	518	
530	480	415	572	650	494	600	440	
493	558	620	420	496	628	568	446	
452	649	571	647	618	452	575	521	
633	574	492	666	618	534	433	666	
574	410	662	468	536	484	449	629	
534	438	670	408	612	474	532	455	
506	591	462	652	655	422	492	599	
429	567	493	449	575	439	511	658	
542	479	609	508	465	576	509	448	
412	564	499	654	432	599	643	506	
610	638	442	573	616	562	494	422	
410	482	513	634	581	646	524	453	
574	432	499	649	550	618	441	560	
445	558	512	626	557	638	497	450	
544	470	432	632	583	612	486	447	
550	618	431	473	494	614	554	409	
660	590	493	589	665	537	590	658	
409	568	631	620	520	622	569	629	
470	551	653	423	422	628	573	487	
625	641	522	462	596	423	475	502	
467	535	587	655	574	487	671	417	
474	642	579	513	580	487	660	627	
592	480	649	407	415	518	468	584	
490	424	567	634	646	440	577	506	
492	574	647	409	602	542	670	470	
450	647	525	544	485	623	550	415	
636	599	539	425	605	626	440	517	
489	575	477	415	655	455	578	415	
594	513	651	460	578	449	622	417	
564	437	635	476	586	548	658	462	
651	419	566	495	596	525	594	667	
611	414	660	512	557	646	429	496	
561	638	479	476	650	485	566	548	
528	624	437	570	512	576	504	660	
659	482	413	554	500	561	627	665	
467	579	637	536	671	452	535	586	
659	573	515	456	668	571	644	487	
564	668	449	614	491	616	665	662	
537	447	670	612	420	547	620	469	
660	580	516	531	534	642	459	540	
665	597	541	416	628	510	426	561	
470	629	517	576	468	563	671	645	
572	671	501	615	506	547	467	439	
533	648	438	582	591	442	661	525	
439	428	581	625	469	643	510	593	
517	413	635	568	545	672	472	520	
642	534	469	445	522	455	602	414	
480	635	574	430	548	495	424	486	
588	528	454	407	445	591	530	665	
563	656	478	417	478	409	636	567	
643	496	444	594	627	540	488	562	
602	522	570	450	439	524	533	615	
412	593	517	662	445	552	497	596	
529	477	647	417	595	428	526	649	
598	457	427	515	420	627	497	452	
579	468	667	530	495	593	412	656	
613	660	436	548	631	415	538	461	
605	515	659	463	550	409	629	556	
474	577	502	657	543	481	638	578	
512	630	438	642	494	434	661	537	
466	593	672	424	458	528	646	550	
664	490	547	612	587	512	456	648	
563	475	611	664	444	541	654	581	
419	506	598	630	614	430	563	651	
653	591	428	467	549	475	538	412	
610	550	474	628	421	629	498	412	
660	514	620	569	653	570	416	507	
650	428	544	489	429	615	506	572	
638	409	662	492	596	524	413	624	
557	661	411	474	648	516	552	447	
603	508	659	472	518	670	422	592	
485	551	642	528	664	453	499	513	
636	565	529	462	627	431	503	563	
550	484	665	650	603	497	629	450	
552	621	668	494	478	648	593	408	
557	416	495	611	522	645	563	431	
446	665	532	410	570	655	529	472	
528	606	472	646	464	598	660	530	
641	422	594	537	569	407	519	611	
559	457	665	504	482	558	418	617	
431	540	617	662	623	501	438	572	
533	653	600	490	540	556	434	629	
473	528	594	668	656	417	565	484	
543	504	570	431	512	472	661	539	
552	524	450	631	601	498	514	610	
468	613	666	571	637	423	585	540	
458	500	605	645	642	415	581	517	
590	411	519	630	423	611	506	610	
621	441	670	533	595	424	630	527	
513	464	599	648	576	421	646	477	
544	648	407	510	624	549	451	588	
430	608	486	542	524	604	659	425	
414	596	643	508	578	488	510	435	
434	545	667	597	657	539	617	468	
498	590	628	449	468	556	638	489	
477	454	555	597	537	612	647	411	
653	458	600	524	449	552	607	523	
443	493	658	575	499	616	416	662	
452	638	518	571	636	506	491	671	
561	408	463	633	576	471	671	419	
655	542	457	442	487	583	654	423	
409	484	655	616	438	613	500	537	
442	615	655	511	541	630	425	458	
518	452	653	530	447	671	414	569	
619	656	541	486	649	498	567	665	
612	468	526	407	579	420	507	654	
572	483	624	442	560	483	665	459	
645	503	538	449	605	493	440	454	
661	593	611	408	412	623	631	555	
563	635	466	407	485	427	620	580	
527	426	598	487	651	574	495	452	
479	565	659	603	562	614	435	577	
534	607	642	527	484	562	645	433	
526	667	574	418	569	417	534	508	
458	438	574	522	550	560	452	503	
442	535	482	430	644	456	602	530	
440	611	668	620	648	536	491	634	
417	626	520	448	509	441	628	572	
456	650	525	575	564	488	432	608	
488	409	619	562	436	622	519	475	
449	407	594	501	577	554	463	650	
537	655	474	418	568	423	504	602	
424	651	521	467	591	538	671	418	
672	488	621	554	450	655	588	560	
620	433	548	499	459	642	501	552	
463	632	635	564	499	653	580	434	
452	540	649	503	586	517	655	481	
573	448	524	656	517	633	594	422	
617	602	506	565	596	460	539	421	
537	423	407	651	482	427	575	409	
505	599	553	413	492	597	660	549	
592	499	420	546	615	477	522	458	
556	527	459	412	642	501	579	475	
594	530	629	472	578	648	550	485	
587	495	409	662	410	602	656	540	
560	614	458	644	499	568	636	425	
490	508	634	575	539	596	453	642	
522	622	434	565	517	619	413	564	
569	552	626	519	634	427	553	578	
641	540	606	452	665	561	509	428	
431	656	486	556	603	418	530	471	
538	590	445	543	547	470	606	667	
495	648	431	612	536	437	588	641	
605	596	492	672	534	481	597	420	
609	457	409	572	569	483	424	496	
633	497	409	467	567	487	415	597	
489	414	569	655	605	498	645	447	
532	407	553	496	465	574	410	641	
561	428	456	613	594	525	622	450	
670	533	618	439	618	430	415	572	
511	628	417	571	556	415	625	478	
608	584	462	411	656	646	446	525	
559	412	660	454	662	483	437	569	
489	596	657	454	633	489	450	668	
661	602	473	431	467	645	550	566	
588	597	645	507	465	517	625	437	
540	458	611	409	492	584	637	439	
463	540	638	665	408	493	668	565	
571	634	471	439	455	524	425	637	
513	441	592	651	636	522	420	555	
497	591	645	421	475	581	619	417	
434	589	533	649	485	563	648	435	
433	517	664	601	556	410	641	483	
668	440	422	584	595	481	423	537	
534	662	591	472	604	626	536	417	
538	658	603	449	472	519	600	669	
573	639	447	513	524	604	461	658	
410	437	533	670	413	461	650	529	
647	525	492	586	649	470	647	428	
642	544	447	483	493	413	618	660	
539	489	619	448	562	668	437	496	
536	655	469	536	452	606	507	670	
619	423	526	440	552	612	457	530	
514	664	422	592	596	483	662	657	
488	545	624	566	658	624	461	533	
545	652	489	602	484	418	596	648	
