0
0.00014879
0.00089612
0.0025616
0.0053971
0.0096206
0.015428
0.023
0.032506
0.044103
0.057943
0.074169
0.09292
0.11433
0.13853
0.16563
0.19577
0.22907
0.26562
0.30556
0.34898
0.39599
0.4467
0.50122
0.55964
0.62206
0.68858
0.7593
0.83431
0.91371
0.99758
1.086
1.1791
1.2769
1.3796
1.4872
1.5998
1.7175
1.8403
1.9684
2.1018
2.2406
2.385
2.5349
2.6904
2.8517
3.0187
3.1917
3.3706
3.5555
3.7465
3.9437
4.1472
4.357
4.5731
4.7957
5.0249
5.2606
5.5031
5.7522
6.0082
6.271
6.5408
6.8176
7.1015
7.3925
7.6907
7.9962
8.3091
8.6293
8.957
9.2923
9.6351
9.9856
10.344
10.71
11.084
11.465
11.855
12.253
12.659
13.073
13.495
13.925
14.364
14.811
15.267
15.731
16.204
16.685
17.175
17.674
18.181
18.698
19.223
19.757
20.3
20.853
21.414
21.985
22.565
23.154
23.752
24.36
24.978
25.604
26.241
26.887
27.543
28.208
28.884
29.569
30.264
30.969
31.684
32.409
33.144
33.889
34.644
35.41
36.186
36.972
37.769
38.576
39.394
40.222
41.061
41.911
42.771
43.642
44.523
45.416
46.32
47.234
48.16
49.096
50.044
51.003
51.973
52.954
53.946
54.95
55.965
56.992
58.03
59.08
60.141
61.214
62.299
63.395
64.503
65.623
66.754
67.898
69.054
70.221
71.401
72.592
73.796
75.012
76.24
77.481
78.734
79.999
81.276
82.566
83.869
85.184
86.512
87.852
89.205
90.57
91.949
93.34
94.744
96.161
97.591
99.034
100.49
101.96
103.44
104.94
106.44
107.97
109.5
111.05
112.61
114.19
115.77
117.38
118.99
120.62
122.26
123.92
125.59
127.27
128.97
130.68
132.41
134.15
135.9
137.67
139.45
141.25
143.05
144.88
146.72
148.57
150.43
152.32
154.21
156.12
158.04
159.98
161.93
163.9
165.88
167.88
169.89
171.92
173.96
176.02
178.09
180.17
182.27
184.39
186.52
188.66
190.82
193
195.19
197.4
199.62
201.85
204.11
206.37
208.65
210.95
213.27
215.6
217.94
220.3
222.68
225.07
227.47
229.9
232.34
234.79
237.26
239.75
242.25
244.77
247.3
249.85
252.42
255
