0
2.3239e-06
2.3549e-05
9.1262e-05
0.00023862
0.00050291
0.00092478
0.0015478
0.002418
0.003584
0.0050962
0.0070071
0.0093711
0.012244
0.015684
0.01975
0.024503
0.030004
0.036318
0.043508
0.051641
0.060784
0.071005
0.082374
0.09496
0.10884
0.12407
0.14075
0.15893
0.1787
0.20013
0.22331
0.24829
0.27518
0.30404
0.33496
0.36802
0.4033
0.44088
0.48085
0.52329
0.5683
0.61594
0.66632
0.71952
0.77562
0.83472
0.8969
0.96226
1.0309
1.1029
1.1783
1.2573
1.3399
1.4262
1.5164
1.6105
1.7086
1.8108
1.9173
2.028
2.1432
2.2628
2.3871
2.516
2.6498
2.7885
2.9322
3.0809
3.2349
3.3943
3.559
3.7292
3.9051
4.0867
4.2742
4.4676
4.667
4.8726
5.0845
5.3027
5.5274
5.7587
5.9967
6.2415
6.4933
6.752
7.0179
7.2911
7.5716
7.8596
8.1552
8.4584
8.7695
9.0886
9.4156
9.7509
10.094
10.446
10.807
11.176
11.554
11.94
12.336
12.74
13.154
13.578
14.01
14.453
14.905
15.366
15.838
16.32
16.812
17.314
17.827
18.35
18.884
19.428
19.984
20.551
21.128
21.717
22.318
22.93
23.554
24.189
24.836
25.496
26.167
26.851
27.548
28.256
28.978
29.712
30.46
31.22
31.994
32.781
33.581
34.395
35.223
36.064
36.92
37.789
38.673
39.572
40.485
41.412
42.354
43.311
44.284
45.271
46.274
47.292
48.326
49.376
50.441
51.522
52.62
53.734
54.864
56.011
57.174
58.355
59.552
60.767
61.998
63.247
64.514
65.798
67.1
68.42
69.758
71.115
72.489
73.883
75.294
76.725
78.175
79.643
81.131
82.639
84.165
85.712
87.278
88.864
90.471
92.097
93.744
95.412
97.1
98.809
100.54
102.29
104.06
105.86
107.67
109.51
111.37
113.25
115.15
117.08
119.02
120.99
122.99
125
127.04
129.1
131.19
133.3
135.43
137.59
139.77
141.97
144.2
146.45
148.73
151.03
153.36
155.71
158.09
160.49
162.92
165.37
167.85
170.36
172.89
175.45
178.03
180.64
183.28
185.94
188.64
191.35
194.1
196.87
199.67
202.5
205.36
208.24
211.16
214.1
217.07
220.07
223.1
226.15
229.24
232.36
235.5
238.67
241.88
245.11
248.38
251.67
255
