0
0.00012849
0.00078821
0.0022775
0.0048351
0.0086698
0.013971
0.020913
0.02966
0.040367
0.053183
0.068248
0.0857
0.10567
0.12828
0.15367
0.18194
0.21322
0.24762
0.28526
0.32624
0.37067
0.41866
0.4703
0.52571
0.58498
0.64821
0.71549
0.78693
0.86262
0.94265
1.0271
1.1161
1.2097
1.308
1.411
1.519
1.6319
1.7499
1.8729
2.0012
2.1348
2.2738
2.4182
2.5681
2.7237
2.885
3.052
3.2248
3.4036
3.5884
3.7793
3.9763
4.1795
4.389
4.6049
4.8273
5.0561
5.2916
5.5336
5.7825
6.0381
6.3005
6.57
6.8464
7.1299
7.4205
7.7183
8.0234
8.3359
8.6558
8.9831
9.318
9.6605
10.011
10.368
10.734
11.108
11.489
11.879
12.276
12.682
13.096
13.518
13.948
14.387
14.834
15.29
15.754
16.227
16.708
17.198
17.697
18.205
18.722
19.247
19.782
20.326
20.879
21.441
22.012
22.593
23.183
23.783
24.392
25.01
25.638
26.276
26.924
27.581
28.248
28.925
29.612
30.309
31.016
31.733
32.46
33.197
33.945
34.703
35.471
36.25
37.039
37.839
38.649
39.47
40.302
41.144
41.998
42.862
43.737
44.622
45.519
46.427
47.346
48.277
49.218
50.171
51.135
52.11
53.097
54.095
55.105
56.126
57.159
58.204
59.26
60.328
61.408
62.5
63.603
64.719
65.847
66.986
68.138
69.302
70.478
71.666
72.867
74.08
75.306
76.544
77.794
79.057
80.332
81.621
82.921
84.235
85.561
86.901
88.253
89.618
90.996
92.387
93.791
95.208
96.638
98.082
99.538
101.01
102.49
103.99
105.5
107.02
108.56
110.11
111.67
113.25
114.84
116.45
118.07
119.7
121.35
123.01
124.68
126.37
128.08
129.79
131.53
133.27
135.03
136.8
138.59
140.4
142.21
144.04
145.89
147.75
149.63
151.52
153.42
155.34
157.27
159.22
161.19
163.16
165.16
167.17
169.19
171.23
173.28
175.35
177.43
179.53
181.65
183.78
185.92
188.08
190.26
192.45
194.66
196.88
199.12
201.37
203.64
205.93
208.23
210.54
212.88
215.23
217.59
219.97
222.37
224.78
227.21
229.65
232.12
234.59
237.09
239.6
242.12
244.66
247.22
249.8
252.39
255
