0
3.3637e-07
2.1704e-06
6.4594e-06
1.4004e-05
2.5523e-05
4.1678e-05
6.3094e-05
9.036e-05
0.00012404
0.00016468
0.00021281
0.00026892
0.00033353
0.0004071
0.00049012
0.00058304
0.0006863
0.00080036
0.00092565
0.0010626
0.0012116
0.0013731
0.0015475
0.0017352
0.0019366
0.0021521
0.002382
0.0026268
0.0028868
0.0031624
0.003454
0.003762
0.0040866
0.0044283
0.0047874
0.0051642
0.0055592
0.0059726
0.0064049
0.0068562
0.0073271
0.0078177
0.0083285
0.0088598
0.0094119
0.0099851
0.01058
0.011196
0.011835
0.012496
0.013179
0.013886
0.014616
0.01537
0.016147
0.016949
0.017775
0.018627
0.019503
0.020405
0.021333
0.022287
0.023267
0.024274
0.025307
0.026368
0.027457
0.028573
0.029717
0.03089
0.032091
0.033322
0.034581
0.03587
0.037189
0.038538
0.039917
0.041327
0.042767
0.044239
0.045742
0.047277
0.048844
0.050443
0.052075
0.053739
0.055436
0.057167
0.058931
0.060729
0.062561
0.064428
0.066329
0.068264
0.070235
0.072242
0.074284
0.076362
0.078476
0.080626
0.082813
0.085037
0.087298
0.089597
0.091933
0.094307
0.096719
0.09917
0.10166
0.10419
0.10675
0.10936
0.11201
0.11469
0.11742
0.12019
0.12299
0.12584
0.12873
0.13166
0.13463
0.13765
0.1407
0.1438
0.14694
0.15013
0.15335
0.15662
0.15994
0.16329
0.16669
0.17014
0.17363
0.17716
0.18074
0.18436
0.18803
0.19175
0.19551
0.19931
0.20317
0.20706
0.21101
0.215
0.21904
0.22313
0.22726
0.23145
0.23568
0.23996
0.24428
0.24866
0.25308
0.25756
0.26208
0.26665
0.27128
0.27595
0.28067
0.28545
0.29027
0.29515
0.30007
0.30505
0.31008
0.31516
0.32029
0.32548
0.33071
0.336
0.34135
0.34674
0.35219
0.35769
0.36325
0.36886
0.37453
0.38024
0.38602
0.39185
0.39773
0.40367
0.40966
0.41571
0.42182
0.42798
0.43419
0.44047
0.4468
0.45319
0.45963
0.46613
0.47269
0.47931
0.48598
0.49271
0.49951
0.50635
0.51326
0.52023
0.52726
0.53434
0.54149
0.54869
0.55596
0.56328
0.57067
0.57811
0.58562
0.59319
0.60081
0.6085
0.61626
0.62407
0.63194
0.63988
0.64788
0.65594
0.66407
0.67226
0.68051
0.68882
0.6972
0.70564
0.71415
0.72272
0.73135
0.74005
0.74881
0.75764
0.76653
0.77549
0.78451
0.7936
0.80276
0.81198
0.82127
0.83062
0.84004
0.84953
0.85909
0.86871
0.8784
0.88816
0.89798
0.90787
0.91783
0.92786
0.93796
0.94813
0.95836
0.96867
0.97904
0.98949
1
