0
9.3168e-06
7.9356e-05
0.00027783
0.00067592
0.0013471
0.0023665
0.0038106
0.0057572
0.0082851
0.011474
0.015404
0.020156
0.025813
0.032457
0.040171
0.049038
0.059142
0.070569
0.083403
0.097729
0.11363
0.1312
0.15052
0.17168
0.19477
0.21987
0.24707
0.27646
0.30812
0.34216
0.37865
0.41768
0.45935
0.50375
0.55096
0.60108
0.65419
0.71039
0.76977
0.83242
0.89843
0.96789
1.0409
1.1175
1.1979
1.2821
1.3702
1.4623
1.5585
1.659
1.7637
1.8727
1.9863
2.1044
2.2272
2.3547
2.4871
2.6245
2.7668
2.9143
3.0671
3.2251
3.3886
3.5576
3.7322
3.9126
4.0987
4.2907
4.4887
4.6928
4.9031
5.1197
5.3427
5.5721
5.8081
6.0508
6.3002
6.5566
6.8198
7.0902
7.3677
7.6524
7.9445
8.244
8.5511
8.8659
9.1884
9.5187
9.857
10.203
10.558
10.92
11.291
11.671
12.059
12.456
12.861
13.275
13.698
14.13
14.572
15.022
15.482
15.951
16.43
16.918
17.416
17.924
18.442
18.97
19.508
20.057
20.615
21.184
21.764
22.354
22.955
23.567
24.189
24.823
25.468
26.124
26.792
27.47
28.161
28.863
29.577
30.302
31.04
31.79
32.552
33.326
34.112
34.911
35.722
36.546
37.383
38.233
39.096
39.972
40.861
41.763
42.678
43.608
44.55
45.507
46.477
47.461
48.459
49.471
50.497
51.538
52.593
53.663
54.747
55.846
56.96
58.088
59.232
60.391
61.565
62.755
63.959
65.18
66.416
67.668
68.936
70.219
71.519
72.835
74.167
75.516
76.881
78.263
79.661
81.076
82.508
83.958
85.424
86.907
88.408
89.926
91.462
93.016
94.587
96.176
97.783
99.408
101.05
102.71
104.39
106.09
107.81
109.54
111.3
113.07
114.86
116.68
118.51
120.36
122.23
124.11
126.02
127.95
129.9
131.87
133.86
135.86
137.89
139.94
142.01
144.1
146.21
148.35
150.5
152.67
154.87
157.08
159.32
161.58
163.86
166.16
168.49
170.83
173.2
175.59
178
180.44
182.9
185.37
187.88
190.4
192.95
195.52
198.11
200.73
203.37
206.03
208.72
211.43
214.17
216.93
219.71
222.51
225.34
228.2
231.08
233.98
236.91
239.86
242.84
245.84
248.87
251.92
255
