0
0.00010041
0.00063523
0.0018689
0.0040187
0.0072779
0.011823
0.01782
0.025425
0.034785
0.046044
0.059338
0.0748
0.092559
0.11274
0.13546
0.16085
0.18901
0.22007
0.25412
0.29129
0.33168
0.3754
0.42254
0.47322
0.52753
0.58557
0.64744
0.71324
0.78306
0.857
0.93515
1.0176
1.1044
1.1958
1.2917
1.3922
1.4976
1.6077
1.7228
1.8429
1.968
2.0984
2.234
2.375
2.5213
2.6732
2.8307
2.9938
3.1627
3.3374
3.518
3.7046
3.8973
4.096
4.301
4.5123
4.73
4.954
5.1846
5.4218
5.6656
5.9162
6.1736
6.4378
6.709
6.9873
7.2726
7.565
7.8648
8.1718
8.4862
8.808
9.1373
9.4743
9.8188
10.171
10.531
10.899
11.275
11.659
12.051
12.451
12.859
13.275
13.7
14.133
14.575
15.025
15.484
15.951
16.427
16.912
17.406
17.908
18.42
18.94
19.47
20.009
20.557
21.114
21.681
22.257
22.842
23.437
24.042
24.656
25.28
25.914
26.557
27.21
27.874
28.547
29.23
29.924
30.628
31.342
32.066
32.8
33.545
34.301
35.067
35.844
36.631
37.429
38.237
39.057
39.887
40.729
41.581
42.445
43.319
44.205
45.102
46.01
46.929
47.86
48.802
49.756
50.722
51.699
52.687
53.688
54.7
55.724
56.759
57.807
58.867
59.939
61.023
62.119
63.227
64.348
65.48
66.626
67.783
68.953
70.136
71.331
72.539
73.76
74.993
76.239
77.498
78.77
80.054
81.352
82.663
83.987
85.324
86.674
88.038
89.415
90.805
92.209
93.626
95.056
96.501
97.958
99.43
100.92
102.41
103.93
105.45
106.99
108.55
110.12
111.7
113.3
114.91
116.53
118.17
119.83
121.49
123.18
124.87
126.59
128.31
130.05
131.81
133.58
135.36
137.16
138.98
140.81
142.65
144.51
146.39
148.27
150.18
152.1
154.03
155.99
157.95
159.93
161.93
163.94
165.97
168.01
170.07
172.15
174.24
176.34
178.46
180.6
182.76
184.93
187.11
189.31
191.53
193.77
196.02
198.28
200.56
202.86
205.18
207.51
209.86
212.22
214.61
217
219.42
221.85
224.3
226.76
229.25
231.74
234.26
236.79
239.34
241.91
244.49
247.09
249.71
252.35
255
